80 17 73 89 85 6 46 100 64 72 52 66 99 14 66 93 
19 13 52 69 27 73 14 27 15 30 99 82 7 24 74 73 
1 92 48 51 95 67 47 0 84 28 69 77 27 98 36 
23 62 29 11 22 42 11 8 37 91 16 1 31 34 18 93 100 60 74 94 
82 17 45 7 64 31 73 19 22 74 44 62 56 16 20 87 27 50 75 69 
30 91 80 82 56 7 20 57 18 51 25 68 70 74 37 26 78 71 20 80 55 7 24 40 10 31 
10 5 34 98 79 86 93 83 30 85 59 31 69 84 84 82 86 76 39 37 33 43 51 68 88 
19 25 77 4 99 60 33 58 56 23 39 68 87 43 24 79 79 90 
32 43 37 26 68 95 91 96 73 37 3 16 23 50 70 47 46 
56 17 27 99 23 24 13 58 60 8 25 3 78 89 67 69 
66 43 69 85 80 49 35 19 48 75 29 95 78 65 77 14 22 
26 59 9 92 52 33 92 28 56 30 64 21 37 73 58 93 53 20 94 
26 34 12 2 89 37 75 33 96 72 65 97 73 5 0 54 27 84 74 
100 47 19 97 12 70 77 13 69 
46 0 64 89 22 30 32 18 37 71 79 84 24 52 33 4 38 7 82 27 
24 4 49 67 47 96 78 21 39 17 29 78 47 39 16 27 34 29 12 
60 29 64 51 61 39 99 32 36 44 1 81 58 12 51 73 20 12 15 99 72 15 16 
68 43 51 23 28 65 70 23 10 76 2 6 41 68 4 94 99 61 14 81 65 
7 22 65 50 35 45 35 28 64 1 77 57 54 28 15 68 45 90 
72 64 17 15 91 92 70 88 83 5 34 48 
86 38 93 42 65 17 12 21 96 17 83 20 66 96 13 70 98 48 43 55 15 52 61 97 
67 58 53 54 93 26 62 90 24 40 20 80 9 75 62 87 
34 50 19 71 60 30 13 24 38 33 17 63 0 70 25 88 17 45 62 48 
39 94 63 59 90 91 58 91 51 51 74 57 89 38 75 43 7 
81 51 18 19 3 90 100 50 24 44 35 60 40 26 21 84 94 80 59 48 14 60 69 8 50 
2 42 37 46 25 24 54 75 37 24 6 61 70 34 68 29 29 45 33 22 100 
87 9 73 13 46 6 38 38 53 87 26 94 19 24 92 67 54 99 67 58 80 55 44 39 24 20 52 30 
89 97 95 11 15 50 69 22 60 1 59 65 56 77 46 68 7 38 45 93 26 64 35 51 30 
21 59 53 81 33 31 25 39 25 50 58 11 81 89 69 82 85 12 67 42 55 84 35 71 88 88 18 85 41 35 70 72 93 37 82 46 11 
76 40 89 60 87 75 92 78 5 1 31 66 85 26 45 96 81 6 73 31 72 52 91 50 
32 46 36 49 76 25 66 9 80 68 35 66 
28 56 42 58 74 49 64 90 15 80 15 8 83 55 35 92 99 70 15 80 72 11 
2 99 11 14 84 86 35 10 75 18 21 38 66 37 93 100 94 29 87 80 51 38 56 
58 74 0 80 52 21 9 78 52 96 5 22 2 69 29 95 59 35 31 13 
1 66 29 17 75 54 55 50 10 8 12 81 67 13 84 
2 19 72 52 17 78 31 76 61 53 60 19 37 
93 49 74 31 11 67 66 87 85 59 15 3 2 87 69 68 58 98 
38 80 41 0 85 52 47 95 40 49 54 93 53 35 24 48 47 22 59 73 49 43 
65 57 66 59 81 95 84 43 5 66 91 40 100 53 87 3 
65 19 39 37 53 51 79 64 62 79 53 88 59 56 18 90 81 88 99 97 73 45 24 54 26 
75 79 75 14 39 61 79 37 60 91 25 17 11 63 47 78 53 12 23 73 33 20 83 2 57 
58 39 40 58 60 20 47 89 90 65 56 88 64 68 5 75 51 79 91 69 41 43 90 11 40 42 48 
26 78 18 25 61 32 86 99 28 32 68 42 21 76 70 22 89 43 54 25 47 30 91 61 80 34 
5 33 90 33 67 13 58 36 72 11 55 40 77 45 38 60 5 26 39 5 60 
57 21 5 72 88 26 94 53 30 99 79 28 85 7 74 98 58 64 55 45 26 0 
19 49 65 77 40 20 1 49 87 30 73 58 61 89 88 89 94 6 51 95 59 34 70 52 29 24 17 
10 17 14 59 19 56 88 24 97 64 27 79 5 58 70 91 46 11 
27 73 47 70 13 1 49 20 34 39 7 16 83 37 30 60 17 86 31 21 41 96 57 
47 71 38 30 60 75 25 32 12 44 12 69 81 67 53 29 80 89 22 17 5 8 83 
65 18 90 69 35 18 10 16 85 2 64 35 54 21 60 75 1 68 6 88 51 48 
83 12 10 47 5 17 77 4 1 22 36 29 31 94 70 
77 21 45 24 32 97 24 25 26 1 92 10 47 33 14 11 
60 25 11 30 63 5 93 85 77 55 25 88 28 1 9 48 68 53 42 60 
50 67 36 84 45 11 78 10 15 91 70 54 8 84 57 47 63 
95 60 70 97 6 83 75 26 21 17 17 49 79 16 67 27 10 56 61 11 92 94 52 91 26 
15 13 21 4 76 91 79 64 67 49 50 3 32 69 16 84 3 76 53 2 82 56 40 78 20 49 33 70 69 
16 84 54 38 67 45 8 81 12 81 3 51 75 52 80 63 31 59 99 89 70 28 
99 84 95 95 25 21 11 10 60 29 46 72 88 33 52 14 88 74 69 38 39 
8 8 49 88 70 90 11 49 14 41 92 27 6 50 1 87 44 27 13 38 96 54 44 51 9 75 58 
43 31 62 63 60 54 21 12 10 66 11 95 19 72 63 79 93 
42 49 78 94 50 70 12 7 52 35 40 28 100 65 80 86 94 17 69 47 12 
82 30 47 44 27 0 50 2 82 73 55 34 27 55 25 89 93 89 39 95 
76 11 69 53 75 49 76 9 55 66 88 28 69 13 93 79 2 37 52 23 40 76 42 47 92 56 62 44 64 28 51 
18 6 4 70 86 88 41 95 86 38 72 42 2 50 39 
43 52 13 44 54 56 57 66 85 95 64 59 8 27 90 1 69 77 47 
19 2 24 61 19 39 53 76 47 2 96 56 30 88 72 51 94 72 55 55 60 59 2 92 72 40 57 
15 63 21 96 23 45 41 23 0 64 11 30 39 6 95 35 17 80 
28 11 82 55 31 44 32 47 52 32 55 
63 60 46 100 63 60 95 7 45 5 53 86 56 10 99 31 93 
70 99 3 73 67 9 47 62 28 12 43 2 69 80 92 85 28 16 95 38 10 8 
20 13 2 27 6 42 4 95 95 98 1 68 71 2 33 30 14 92 
63 68 99 59 26 53 82 46 81 21 23 45 36 19 0 93 25 81 23 30 
4 6 5 87 39 25 65 99 70 54 53 97 20 75 
79 13 59 76 48 85 8 1 32 3 71 83 55 2 45 40 1 6 83 90 24 5 70 38 66 29 5 
39 75 29 93 46 98 0 99 98 68 66 61 6 58 30 10 100 81 32 6 90 100 42 28 
10 10 15 22 90 21 90 79 8 29 67 18 84 15 36 17 
88 2 53 81 44 93 2 43 96 75 81 70 71 16 49 
34 5 51 54 86 13 20 74 85 81 50 37 14 40 12 36 
88 93 9 30 40 90 21 40 59 88 58 65 6 27 61 29 50 16 15 74 76 27 78 13 22 
48 93 81 36 14 81 82 72 17 69 40 
14 90 83 96 28 0 11 82 61 49 36 71 82 44 19 28 90 88 15 
28 47 25 92 32 67 56 19 68 44 23 30 31 93 9 69 4 63 92 36 29 69 
2 60 21 19 70 10 19 51 54 71 7 64 20 25 83 11 87 29 28 18 63 18 
72 11 29 72 14 84 44 79 35 42 
8 94 15 15 25 35 27 33 8 94 22 43 95 1 86 4 58 14 54 55 51 47 41 60 98 5 3 
100 19 57 40 14 55 38 29 10 91 38 46 14 9 22 20 37 83 2 
31 40 53 17 45 28 45 2 15 4 86 74 91 99 88 49 63 70 62 77 69 100 
15 44 2 53 31 95 53 49 52 75 39 46 22 100 69 79 27 
72 46 34 83 85 38 61 27 35 60 66 31 99 59 4 
65 4 45 58 99 39 10 13 43 12 46 24 19 33 64 20 
72 98 44 63 14 4 19 85 84 13 93 78 96 48 59 26 38 59 1 85 93 
71 28 56 83 46 77 37 38 78 11 12 89 15 56 38 5 0 33 69 3 66 89 12 36 
25 24 33 55 23 46 85 12 47 60 10 57 19 19 21 84 74 63 85 87 78 12 55 64 85 48 
35 4 1 91 54 43 73 30 51 16 48 10 39 15 28 74 54 97 96 15 73 3 31 93 40 17 
28 41 48 13 73 94 52 20 92 78 68 93 83 65 26 35 76 
7 44 55 36 100 42 54 50 0 85 86 10 85 33 96 11 45 36 
30 89 62 94 78 77 0 64 7 21 99 97 27 
48 37 90 27 95 69 20 18 99 83 42 46 0 87 83 10 11 15 31 69 84 94 67 
19 71 36 90 3 92 60 61 35 68 22 90 80 98 97 28 100 21 53 10 40 51 
73 82 94 72 96 4 6 11 94 71 40 18 33 54 95 54 
16 95 1 39 84 11 89 41 6 55 73 73 64 65 92 28 0 99 7 95 33 67 90 
33 4 49 16 97 41 82 78 19 100 71 75 19 66 67 17 51 41 76 55 
63 41 32 33 82 5 57 79 5 41 53 62 66 92 36 79 20 10 83 7 62 91 39 36 29 39 
78 50 62 0 73 98 65 59 94 5 9 28 11 15 51 83 
27 36 64 46 98 91 73 24 12 11 36 69 51 94 37 18 52 
23 17 87 76 82 77 100 30 51 8 89 45 79 0 100 60 54 27 80 75 75 
16 41 72 59 14 56 36 15 25 63 67 99 100 99 43 17 85 
16 85 67 90 36 10 26 80 52 28 63 79 84 85 99 99 
44 51 95 4 53 36 22 83 13 25 95 11 21 86 26 55 84 89 23 16 16 64 67 58 
55 66 42 62 2 67 76 30 15 68 97 2 19 9 76 68 95 50 65 66 53 85 76 53 38 
37 33 85 88 16 24 83 91 9 14 41 7 35 67 5 44 70 42 85 79 53 85 7 56 73 
70 40 35 18 12 85 1 71 15 61 24 72 56 98 1 49 37 
41 40 7 39 15 14 43 26 29 23 46 81 30 99 29 53 4 53 
42 39 76 31 70 62 75 22 11 69 0 36 13 12 70 68 62 76 20 7 56 55 37 5 32 
28 59 5 28 64 22 71 100 47 1 18 56 82 83 22 6 57 62 36 54 74 15 75 76 
84 14 45 22 29 63 55 37 75 19 20 81 66 69 17 46 91 59 1 76 52 53 85 3 39 49 96 53 23 9 
100 46 75 29 99 75 59 75 1 30 18 75 7 37 79 75 67 95 19 82 
80 15 17 27 60 19 20 23 20 88 30 40 67 7 27 
22 89 83 97 69 25 66 59 71 46 69 14 68 79 45 97 
15 67 55 86 2 76 52 41 57 77 97 46 71 56 15 26 71 39 10 
78 19 69 94 35 74 4 17 84 36 59 39 88 66 10 42 83 56 77 99 81 
31 16 30 33 22 55 77 24 30 14 33 26 61 20 83 13 98 9 10 
65 53 0 14 6 62 32 77 68 33 64 48 29 39 54 69 3 57 89 0 19 40 66 66 92 
1 83 82 54 67 97 18 51 38 62 87 67 93 25 
0 34 16 67 92 72 9 8 2 45 28 42 74 72 47 53 77 10 97 51 86 92 
63 85 15 21 40 11 51 87 5 100 96 29 31 91 67 88 
83 50 98 32 79 7 6 23 75 78 57 37 85 14 
80 81 1 86 39 66 0 81 73 88 38 55 45 17 71 17 94 16 38 
13 79 2 38 93 12 81 68 49 85 8 16 42 39 20 20 95 67 100 86 
13 19 36 83 34 71 96 3 16 46 77 
1 2 28 31 72 43 83 50 10 95 68 51 
15 72 53 54 30 74 98 58 37 17 10 47 21 88 72 
60 52 62 88 64 81 41 62 53 42 19 64 73 77 56 5 41 86 70 62 2 28 5 6 73 
93 87 78 38 4 73 36 8 52 47 51 94 45 66 21 14 26 2 80 
11 64 24 93 73 51 80 78 11 86 92 77 56 71 100 50 46 
65 31 34 23 1 34 32 93 98 7 9 76 74 52 19 24 24 17 35 89 10 61 
27 46 52 54 8 85 64 58 48 68 36 85 66 62 99 77 19 83 18 25 97 
51 44 69 59 76 82 77 50 95 76 91 98 3 77 47 6 99 1 18 11 68 
83 21 32 8 22 1 12 35 45 79 71 19 27 68 44 32 38 37 43 80 63 28 36 
73 51 88 25 44 69 48 41 92 94 77 63 59 30 30 
23 87 17 80 10 6 70 48 90 22 61 32 24 32 45 68 21 24 75 100 79 99 53 36 
7 43 96 33 92 24 71 36 60 63 93 11 26 2 50 27 
95 65 50 52 84 69 30 20 27 86 1 0 22 92 1 34 0 61 6 56 85 46 40 45 57 
65 91 6 30 87 47 43 78 15 67 24 57 69 81 31 25 35 94 76 
33 73 10 63 12 78 32 33 12 59 30 82 29 66 61 39 82 2 73 
92 27 98 69 38 17 92 54 13 73 89 5 35 51 51 29 6 61 51 37 3 31 42 63 21 
50 70 50 96 39 37 75 28 13 10 78 9 18 9 19 86 94 75 50 29 45 
82 47 69 27 53 6 29 57 19 26 49 2 57 43 35 
18 99 96 14 78 17 31 44 99 46 93 91 6 
2 62 40 78 5 73 67 2 31 21 64 5 1 62 76 1 6 
29 95 11 56 1 57 86 60 95 57 79 89 72 18 18 64 67 44 89 27 84 
95 11 2 34 40 68 78 13 9 75 65 36 4 24 86 
75 93 66 83 86 3 2 80 58 95 5 42 40 18 41 20 35 96 84 19 53 0 90 
49 34 73 94 8 76 39 88 93 21 85 72 
45 88 14 68 34 94 22 46 29 4 51 92 62 1 29 43 88 21 52 
50 0 4 31 80 15 6 97 64 1 40 
42 19 85 71 89 7 24 34 94 88 98 9 88 82 56 81 7 14 85 85 63 
14 78 36 65 100 53 59 83 60 92 22 79 23 64 43 91 65 54 30 24 58 
70 57 6 19 41 4 93 4 26 38 37 45 0 99 98 24 75 97 46 36 
16 31 83 88 33 96 24 37 79 61 82 52 6 77 44 67 4 63 85 
60 98 27 98 92 13 25 0 98 76 73 97 61 10 
24 32 26 55 31 58 40 50 90 65 10 61 99 44 42 
25 98 100 10 79 100 38 79 78 76 64 87 66 94 66 33 15 55 58 44 92 
86 63 64 46 20 7 11 99 5 66 74 86 41 28 52 7 
33 71 81 89 78 80 70 66 63 16 90 34 53 11 6 73 39 15 33 73 
76 4 76 71 67 78 20 30 28 27 46 88 59 2 39 15 38 26 64 90 
90 48 15 94 41 6 1 81 26 21 24 0 59 100 68 78 0 3 68 49 
55 95 14 31 90 92 6 13 82 11 67 88 86 50 11 36 45 47 6 61 
78 15 22 5 36 97 21 66 94 21 67 15 54 100 89 82 44 23 98 
38 51 66 97 0 98 11 63 29 47 12 35 50 37 45 
50 77 47 80 52 47 65 29 34 100 26 36 15 
29 2 56 26 76 74 81 27 49 83 43 35 85 0 70 16 
75 3 37 14 84 59 83 93 32 87 77 91 71 18 6 89 21 20 25 
88 81 59 15 3 15 25 91 37 90 62 64 15 
68 46 12 33 90 21 97 13 5 34 56 44 4 1 79 43 36 79 68 
84 5 44 36 100 65 24 64 68 28 10 35 80 40 82 54 12 63 
35 39 99 39 35 47 99 13 82 25 40 29 78 0 71 39 89 2 10 0 56 
55 13 43 49 77 96 61 55 61 14 94 37 33 66 52 54 37 1 
98 61 95 82 70 51 49 98 86 
24 1 50 31 47 100 39 4 18 2 22 94 47 58 44 61 86 62 56 60 
32 4 16 74 21 2 63 86 58 36 14 39 30 59 0 34 34 82 94 89 39 
98 99 30 59 67 47 15 7 36 97 19 88 25 76 85 12 54 26 77 54 48 35 21 
64 39 81 78 80 99 84 38 27 8 27 14 52 31 88 47 
54 14 45 31 89 83 91 11 13 63 98 69 85 86 54 3 
56 64 100 96 66 56 5 32 82 30 
18 30 92 67 48 45 41 100 5 54 57 4 1 67 17 26 50 78 63 93 
95 58 94 52 25 19 69 30 77 12 35 36 77 44 75 1 38 78 70 65 2 69 38 
24 67 1 97 30 61 9 46 27 21 
0 27 13 59 61 62 100 13 72 98 37 23 9 2 37 15 44 16 7 15 
79 60 28 39 40 84 31 77 47 72 45 92 43 94 83 47 22 34 
54 36 77 49 15 82 61 20 13 23 60 16 43 4 
54 30 17 88 67 28 20 86 1 66 62 75 97 91 67 53 39 
79 82 36 3 30 22 58 7 42 58 91 24 42 34 86 41 37 48 64 86 69 
54 31 22 10 80 27 57 89 45 7 84 32 0 96 94 38 62 14 91 
70 69 71 61 67 40 55 64 99 69 95 98 87 92 5 67 58 28 22 28 69 40 43 29 38 5 0 
2 43 13 16 30 23 54 46 89 50 62 49 3 84 34 32 
78 54 59 22 29 96 3 54 40 34 98 5 79 100 82 50 
32 67 69 57 7 32 71 51 34 87 71 39 35 16 6 63 
41 63 97 65 94 65 25 24 79 12 7 85 79 99 92 56 
14 2 58 26 7 40 10 27 22 94 70 54 95 36 97 32 88 69 2 18 52 
68 18 83 6 29 17 13 58 27 59 62 43 25 27 88 8 70 89 23 29 
59 44 1 22 8 29 2 21 19 29 74 41 1 89 89 92 5 13 44 97 29 15 57 75 
89 47 19 84 53 63 82 29 77 95 6 12 73 46 48 87 
56 57 48 7 47 75 25 94 39 9 83 27 66 4 29 80 63 91 85 
72 85 68 62 8 9 77 74 61 9 34 47 62 80 6 55 62 4 18 52 55 81 
80 60 76 53 74 70 32 0 52 56 74 16 76 15 49 72 51 10 95 81 
77 86 71 13 30 76 10 99 40 70 76 58 31 44 45 53 
40 1 51 64 79 20 26 16 99 57 76 75 48 25 22 
61 93 69 95 36 74 85 81 78 73 60 67 70 19 83 23 92 76 15 98 
25 48 33 15 77 84 6 9 19 11 55 96 29 80 63 61 79 40 94 27 96 
1 23 49 27 2 28 35 18 22 0 0 95 62 24 86 16 43 81 10 
71 0 41 1 21 55 82 28 27 89 61 100 100 34 70 4 40 46 17 
3 82 69 75 93 54 18 75 38 15 29 
13 78 83 7 48 72 89 98 33 82 59 66 34 36 56 9 63 50 7 72 13 38 57 44 80 
84 99 14 81 87 54 7 97 45 16 93 65 42 23 59 18 100 14 75 45 54 5 17 45 66 62 26 
7 68 4 36 68 97 77 57 29 31 83 56 2 76 67 86 25 49 27 86 9 71 37 1 63 
20 86 74 18 44 39 1 0 74 22 28 2 93 2 
35 35 84 52 69 56 34 42 27 50 10 71 40 46 1 57 80 66 
80 42 62 53 37 99 98 45 41 29 41 87 46 50 46 85 27 77 
85 14 46 75 4 86 25 42 47 60 6 23 84 82 1 86 50 79 16 
9 50 33 19 76 9 68 50 20 78 63 47 55 7 78 28 72 54 17 79 7 57 
51 13 10 43 67 11 74 13 8 93 70 2 53 16 
47 88 35 75 19 2 56 10 17 54 44 59 24 19 17 82 85 25 32 54 0 83 45 41 60 45 
38 60 33 72 78 10 10 9 60 82 58 44 37 85 18 9 66 46 38 87 71 99 9 9 34 59 23 44 25 4 19 94 
5 85 84 44 7 72 16 65 9 69 39 49 42 76 71 90 18 99 49 85 
42 60 83 21 68 57 96 11 44 50 83 23 15 20 32 60 64 30 36 63 20 9 3 58 
54 66 88 39 38 86 28 3 65 79 84 70 80 37 71 20 55 62 89 46 
57 87 91 25 87 47 21 85 59 78 0 85 69 91 85 88 64 64 80 47 95 56 46 2 66 44 94 
52 3 12 76 19 26 0 52 47 31 65 26 41 89 82 34 32 86 
72 18 74 0 55 4 35 40 17 7 66 10 42 98 23 63 
81 27 81 77 64 0 22 9 87 60 31 3 25 31 
56 28 88 56 42 71 97 43 88 14 73 35 47 37 8 
13 68 89 61 3 53 21 91 41 36 19 8 27 37 38 41 44 40 
54 21 69 40 79 32 43 17 92 91 92 18 75 76 72 70 69 26 25 8 
8 100 9 49 0 88 55 24 42 39 14 55 60 82 32 76 5 72 36 100 0 9 51 89 21 17 
29 16 98 9 100 14 88 39 13 58 71 53 8 44 67 1 28 91 25 26 58 
63 9 36 64 34 98 34 63 19 85 36 23 76 47 17 45 50 22 16 56 61 51 45 73 70 50 83 
53 61 44 88 41 33 66 69 82 41 84 54 3 41 22 61 63 46 20 90 79 
94 81 58 44 100 45 22 78 56 75 92 38 28 100 36 37 20 66 
26 21 46 39 94 5 78 3 38 43 22 70 1 44 71 17 28 
2 56 66 16 25 49 66 87 48 81 62 61 90 20 58 28 81 19 
53 73 40 52 71 26 28 32 97 81 64 
60 55 57 34 82 16 35 78 75 28 21 27 39 80 88 97 33 48 99 98 93 94 52 70 12 
33 25 98 4 3 37 34 7 83 51 72 0 49 88 
73 90 90 38 16 41 53 35 29 70 1 94 5 43 93 61 67 52 0 64 29 
40 56 85 33 52 37 97 65 63 83 77 40 55 39 86 
90 24 52 76 12 39 45 6 65 65 0 87 2 43 72 27 87 73 77 21 79 8 55 94 30 59 6 76 36 0 
45 70 100 22 77 88 39 25 23 65 97 66 77 70 10 66 72 
4 67 30 34 71 64 22 40 84 40 70 53 33 54 9 55 25 65 70 26 41 
52 1 36 5 61 85 88 90 92 89 97 18 53 37 12 18 1 5 8 4 37 29 40 20 94 
16 19 81 80 23 84 26 65 53 48 22 65 20 73 98 36 37 10 73 67 30 22 17 29 79 27 
56 78 17 25 30 5 79 87 11 94 73 96 75 28 71 91 46 22 73 6 81 73 64 100 
65 51 12 10 42 25 6 1 62 79 92 78 57 7 49 58 0 
78 45 23 68 37 98 4 49 11 72 86 13 46 21 14 92 
47 12 35 66 53 76 88 95 85 5 83 33 8 32 9 65 61 3 84 3 14 53 
71 88 35 9 43 87 17 52 42 63 24 88 2 95 69 85 1 66 78 37 32 
0 92 28 74 68 58 78 97 50 85 7 1 78 45 76 36 61 30 3 
89 75 39 69 37 85 17 30 55 85 95 17 5 37 35 40 42 98 
35 60 78 19 58 56 10 51 46 
73 7 41 76 59 100 55 91 67 19 78 62 1 9 16 63 81 67 23 
3 99 32 39 44 50 26 66 75 24 20 48 50 59 25 57 
59 65 99 52 42 90 31 90 62 51 90 65 81 22 87 58 21 39 73 76 0 42 70 
10 21 7 14 59 4 39 67 89 92 52 98 82 93 96 66 42 56 48 37 
49 96 25 33 11 41 16 84 65 44 100 32 
20 4 1 61 96 80 78 61 18 69 34 4 56 38 47 22 24 57 80 14 47 18 
26 98 33 31 97 94 74 97 90 62 92 4 78 74 75 21 93 62 56 9 21 
31 61 70 39 56 83 69 78 22 30 65 60 44 3 21 11 34 45 
78 26 88 82 22 31 95 64 48 11 66 54 13 92 58 90 
9 80 70 39 66 42 83 19 93 11 75 39 15 53 62 24 39 49 2 40 28 20 33 84 77 81 52 
33 28 44 95 24 32 93 12 63 14 17 59 9 25 75 75 57 84 82 71 84 
79 30 46 46 23 89 69 83 4 95 70 42 3 35 0 56 62 77 5 12 3 83 100 91 54 10 37 
39 85 89 3 91 22 53 78 90 21 42 1 3 39 39 99 80 33 55 76 
83 36 82 8 89 85 99 15 52 55 50 44 78 17 27 57 41 63 
81 0 42 62 39 68 5 46 21 50 21 96 37 36 92 32 3 
36 40 92 91 26 89 1 61 49 69 20 14 92 60 28 18 87 82 
31 91 95 67 100 92 93 25 49 54 69 48 2 14 20 56 41 42 50 9 49 14 49 66 55 
5 89 27 6 47 63 63 85 1 92 15 15 16 98 29 69 18 96 38 63 42 
80 55 58 30 12 47 53 43 33 78 80 92 2 37 84 4 79 65 59 93 
64 16 91 14 7 16 91 94 56 97 98 42 97 50 16 89 70 59 86 
45 53 45 11 71 80 20 5 15 25 42 43 36 50 71 42 75 86 96 19 38 91 36 15 62 20 
2 57 54 54 43 0 8 92 40 82 65 69 66 11 20 79 84 55 84 66 86 60 
73 88 49 19 5 53 98 85 23 78 22 60 61 84 74 53 15 87 5 88 87 78 83 70 23 19 
47 81 98 76 94 64 98 39 36 50 58 3 47 17 10 92 11 74 
90 4 54 100 18 4 50 42 66 10 78 97 5 
83 16 60 64 59 54 50 12 25 31 71 7 3 7 87 46 86 51 61 97 75 15 75 2 0 77 71 38 74 
26 11 70 29 57 57 63 74 45 90 21 43 46 7 46 53 92 77 68 12 96 95 74 36 64 27 
26 37 15 57 91 70 87 78 91 41 96 72 90 12 100 
44 7 99 49 49 27 82 40 49 18 17 93 55 40 94 66 23 33 
50 91 92 47 41 45 12 2 95 36 8 2 38 3 92 64 55 14 6 18 
42 16 65 34 3 24 6 2 51 88 87 55 77 95 40 76 79 58 6 19 36 68 14 86 73 
86 20 91 43 99 34 19 16 61 92 0 38 22 33 30 4 
53 66 76 35 9 42 20 86 40 39 33 92 42 50 3 16 28 55 0 60 83 
44 7 84 70 49 79 69 70 51 88 87 55 97 65 1 50 48 85 16 
20 13 58 73 4 59 99 61 52 35 59 91 16 20 67 75 17 45 
64 48 87 68 49 42 1 97 30 61 11 70 77 15 18 83 84 82 44 60 48 23 1 3 45 92 
70 83 9 85 42 72 62 100 45 31 39 85 19 26 
57 40 72 42 51 19 91 19 55 52 42 18 45 40 93 68 52 67 20 61 93 
92 12 36 82 80 70 28 39 17 70 88 13 71 39 37 44 9 90 65 38 99 36 13 
91 26 81 65 26 79 4 32 42 29 78 52 54 88 96 72 53 0 18 81 73 79 0 
85 56 13 97 36 17 88 0 71 41 86 7 63 73 62 20 70 57 42 74 
29 70 99 42 18 41 22 41 65 6 77 57 43 11 95 88 6 53 9 66 36 37 
50 99 39 13 64 91 36 18 91 1 75 81 34 93 28 34 87 51 10 
95 97 95 64 35 33 46 39 45 61 89 68 20 43 36 62 10 18 64 28 65 
29 40 62 91 37 40 99 97 79 58 49 24 55 45 94 21 63 61 67 85 
42 48 67 51 28 84 68 58 87 74 3 43 89 52 3 33 18 66 49 100 56 80 
96 23 58 56 83 21 11 72 75 82 37 82 41 92 62 39 52 
31 50 10 51 40 69 20 96 40 64 92 10 57 61 55 
7 69 79 3 30 69 66 29 4 34 50 23 18 64 57 13 8 5 93 39 12 78 46 78 57 42 32 17 18 
16 22 10 76 32 84 50 82 68 49 52 5 82 62 87 61 17 83 81 65 19 14 99 87 48 
17 21 85 1 28 51 6 20 90 74 73 36 42 72 14 74 65 48 40 38 67 79 39 24 83 
12 54 39 60 42 45 44 40 54 38 84 76 76 87 32 94 76 
44 78 17 73 27 47 57 2 73 91 89 79 76 8 99 44 99 44 34 42 53 27 61 24 56 
51 2 29 91 21 57 99 20 50 84 46 60 36 79 44 83 39 95 87 41 52 42 31 87 38 87 31 
30 12 34 92 69 37 29 13 69 76 45 20 29 56 87 41 8 73 21 72 36 50 1 93 
61 85 97 57 26 95 83 84 6 3 46 80 94 97 7 83 20 24 42 73 72 62 83 
90 96 86 16 82 65 91 29 78 27 66 63 64 6 100 73 28 47 17 
58 9 97 18 48 23 25 86 0 4 5 74 76 40 46 59 34 64 10 55 0 45 1 47 45 81 52 89 0 
74 95 96 26 97 99 18 81 24 72 2 32 68 28 79 100 75 30 97 95 87 47 
12 19 64 81 72 68 34 26 72 94 80 37 33 73 19 21 14 46 62 88 94 33 58 37 16 5 91 
13 72 39 39 4 41 87 52 49 77 76 64 75 37 10 30 98 75 
99 18 22 8 85 88 43 49 52 97 89 20 36 63 28 68 71 4 91 60 72 49 58 
3 24 38 85 63 22 28 36 83 22 26 87 48 48 26 97 91 79 22 93 29 74 23 20 
48 65 31 82 32 98 1 43 67 69 86 90 38 7 6 67 54 99 30 
93 69 42 79 29 23 46 88 58 60 93 64 8 21 50 94 96 25 20 72 
53 20 6 58 76 74 51 65 20 80 81 45 62 
52 5 12 8 31 75 51 36 28 43 14 13 60 66 50 
87 1 23 6 28 94 81 5 78 1 28 30 50 72 83 2 31 84 
75 4 36 6 77 54 56 28 68 18 4 50 87 35 80 85 23 44 70 44 
1 13 72 34 46 85 72 76 19 7 39 48 60 48 25 27 15 46 27 67 88 
72 33 44 32 87 77 6 58 38 54 86 91 74 
84 21 62 56 63 79 24 68 59 92 0 63 58 62 78 93 42 21 22 
52 52 24 52 70 99 40 91 26 18 94 100 34 84 
37 26 42 62 52 37 67 22 79 79 21 52 36 53 8 4 100 22 
70 43 41 2 90 67 43 74 52 42 52 84 58 1 22 
96 13 35 87 77 40 17 17 81 33 50 9 46 33 26 82 53 12 96 57 6 87 
77 41 64 63 94 76 3 2 59 14 51 78 21 44 44 11 43 61 43 
34 37 75 11 51 83 63 72 78 62 82 28 24 62 64 33 47 44 61 
53 70 51 1 41 64 39 59 10 72 62 73 14 54 68 55 6 46 13 11 12 
77 20 31 64 16 50 69 58 58 24 85 69 
19 21 83 27 86 1 77 4 32 77 56 95 56 86 90 46 38 
81 97 52 92 23 72 0 46 37 86 54 1 60 66 31 21 47 73 25 
63 22 62 87 12 91 94 47 32 100 78 19 49 29 26 
36 22 60 12 1 9 46 5 92 78 7 86 65 78 
18 81 4 58 4 69 33 15 23 49 49 99 76 37 42 3 93 44 62 7 37 19 
9 3 85 93 27 88 1 84 100 46 61 0 55 84 18 100 43 90 
59 53 47 48 34 18 6 62 88 64 6 63 64 100 53 52 21 7 20 33 71 
27 68 66 36 86 0 4 27 62 46 100 17 82 61 15 19 26 44 
82 27 4 22 99 35 58 6 99 39 57 97 54 9 96 63 57 41 86 38 9 50 
47 30 35 30 100 45 71 87 68 30 48 11 8 81 40 
19 74 83 65 0 77 59 87 18 33 62 38 16 9 67 40 
38 94 65 27 89 9 78 79 8 59 33 35 54 67 51 46 16 23 51 
22 35 42 94 94 64 5 100 30 17 100 58 22 30 37 78 37 68 
90 88 49 25 19 0 47 86 77 31 88 63 73 74 55 99 
21 66 69 75 56 69 75 54 4 71 24 36 79 94 29 4 58 73 
78 1 79 81 20 27 68 64 91 60 43 99 21 17 9 32 89 37 52 6 1 38 
86 30 1 76 14 16 68 12 16 60 16 98 7 0 21 65 2 18 84 85 52 
49 30 27 35 23 16 42 75 51 15 41 84 92 84 33 62 44 59 20 3 0 49 96 
82 18 72 91 41 27 58 61 13 36 94 4 49 69 
7 45 12 24 30 100 29 7 66 11 20 78 54 18 15 38 40 45 58 
84 13 66 64 87 54 10 81 78 28 2 34 71 56 83 39 35 70 58 
20 55 66 62 100 95 73 80 40 69 14 69 66 5 47 98 29 22 49 15 17 82 90 97 56 76 
31 80 69 73 73 4 55 62 60 38 76 85 95 1 59 62 62 6 60 100 60 
22 60 34 12 35 86 4 77 84 14 50 44 
21 57 4 32 85 70 2 2 85 26 70 72 35 74 41 94 33 
38 32 92 91 82 4 59 30 77 52 60 51 22 57 61 56 
46 7 87 62 100 9 56 41 14 18 88 99 12 79 60 41 24 
20 84 2 44 61 74 86 14 61 82 71 30 59 60 48 59 97 60 57 84 46 91 45 
75 18 45 8 81 31 16 67 61 100 59 21 91 40 59 13 15 87 66 100 71 37 
7 28 59 79 66 33 12 100 45 93 52 8 32 30 24 57 35 9 11 24 
75 79 62 42 44 58 28 81 58 11 17 39 57 19 27 98 29 30 17 5 70 61 48 77 22 
49 4 40 40 4 93 85 29 21 44 
7 90 61 35 41 80 89 53 99 92 15 4 94 89 18 19 11 69 31 74 70 60 54 45 68 61 73 86 84 
100 60 56 49 21 54 31 71 100 28 79 42 70 24 11 44 56 21 92 
21 66 25 87 83 27 98 70 34 11 
31 29 33 19 24 8 0 33 25 83 27 65 87 49 24 23 25 15 95 29 94 61 90 
21 96 26 41 47 27 72 73 64 63 14 86 20 50 30 23 96 96 
66 31 93 75 77 37 38 98 84 96 4 94 74 77 33 36 
6 54 85 86 22 82 20 39 20 25 62 24 5 76 95 10 44 5 92 9 57 41 97 70 22 78 33 
61 82 80 39 55 58 22 68 75 63 43 44 66 40 12 0 50 21 77 
47 47 58 76 46 66 55 24 70 14 96 33 59 67 79 98 64 35 36 
24 2 39 2 40 8 47 16 100 47 39 77 38 91 75 83 77 25 70 96 23 100 45 69 63 
41 52 69 25 68 45 93 62 39 85 5 35 7 54 9 2 58 70 45 
61 38 51 31 72 53 27 16 56 62 32 41 95 41 37 94 64 39 32 37 17 69 32 50 
46 34 30 18 40 87 53 39 53 48 37 6 79 88 8 69 14 86 93 54 
37 85 80 16 90 31 23 47 71 26 92 92 93 68 22 39 72 76 92 6 85 51 2 63 11 
30 51 59 29 98 37 52 92 1 2 42 76 46 27 58 22 30 92 
49 17 91 56 24 36 6 28 100 82 33 31 84 33 2 58 
18 66 93 40 44 18 52 91 81 34 94 79 17 29 49 37 100 70 39 85 51 7 
27 85 7 67 6 63 88 47 6 42 73 65 37 26 21 30 91 90 73 67 8 57 77 27 
49 72 35 50 54 21 11 3 94 12 54 70 34 33 87 81 32 71 4 61 38 89 26 
97 61 36 61 0 30 79 2 46 0 58 92 91 20 18 48 
16 20 4 73 84 18 78 73 84 58 68 98 10 34 10 92 12 41 
64 27 59 3 36 5 59 82 44 93 57 80 90 75 29 18 24 
59 61 59 37 71 53 7 25 1 47 28 49 82 76 2 19 
8 96 7 75 30 13 10 17 41 70 68 37 79 36 10 21 30 34 15 
80 47 49 18 30 82 39 77 2 24 31 47 23 68 37 27 55 54 67 95 31 72 76 77 
85 26 61 39 94 86 55 41 22 49 94 75 
88 89 22 51 76 71 93 100 0 18 61 3 42 3 26 47 4 8 11 35 94 87 49 93 
48 7 97 1 8 73 52 92 5 47 88 24 43 85 86 69 49 100 7 54 42 22 
17 89 94 27 83 24 93 69 36 35 20 21 75 65 7 63 94 
69 18 9 13 67 30 4 55 86 44 41 15 
64 58 85 20 71 13 38 1 28 13 20 12 58 18 33 86 80 72 81 66 3 42 3 
91 77 66 42 59 76 42 78 42 100 10 56 96 11 14 53 97 91 51 63 
5 70 49 56 4 44 29 63 61 57 43 41 54 40 71 22 38 93 35 44 96 
57 60 6 63 33 4 6 80 58 33 58 1 46 93 3 29 85 
37 20 15 44 26 53 67 16 70 42 88 87 86 54 22 23 50 67 99 40 85 
91 71 74 95 86 25 3 55 78 0 31 62 52 83 31 25 76 20 27 
58 92 54 44 44 64 99 53 77 37 95 44 53 50 83 
83 32 46 47 50 67 52 18 78 34 17 11 62 59 58 18 76 36 100 61 65 76 80 3 77 89 
0 94 18 7 47 9 52 89 16 0 33 11 51 8 86 72 38 97 
50 15 30 33 95 21 65 6 49 28 75 11 73 56 25 18 56 35 78 87 0 30 80 92 81 80 68 
58 3 68 42 80 52 35 63 37 51 41 27 9 3 67 48 60 1 
16 12 58 52 23 39 8 26 100 26 5 96 58 4 89 89 68 48 7 17 
87 75 20 21 23 53 8 54 58 35 0 85 38 12 42 
27 47 32 23 97 58 52 77 94 34 4 93 43 35 48 8 32 42 47 52 
63 41 29 27 22 30 37 53 58 99 72 71 61 2 99 63 95 70 81 25 73 6 14 84 97 33 
24 29 63 86 74 92 31 93 85 16 52 83 96 33 8 92 96 60 17 21 98 88 11 20 
98 5 73 29 31 98 66 97 21 89 44 42 74 49 21 83 11 76 72 66 34 26 53 30 
13 58 53 46 70 61 100 32 86 0 98 76 14 48 19 51 61 73 50 
52 64 11 80 100 82 88 23 42 99 47 3 
3 40 77 16 72 47 97 81 63 32 16 8 72 73 10 82 72 87 10 67 81 86 
40 85 29 31 99 24 86 37 47 10 73 51 79 83 90 8 40 0 39 68 47 60 
14 95 59 16 37 52 48 91 13 86 25 23 18 30 3 61 53 42 63 61 13 38 63 18 93 33 
51 10 57 61 85 88 4 67 13 37 38 48 92 97 46 10 57 96 99 29 
36 1 66 89 37 53 26 80 85 47 78 7 88 91 50 22 32 59 42 22 35 21 92 9 57 72 11 53 
43 30 37 76 47 70 81 90 7 23 93 55 91 9 61 8 69 36 22 97 
99 91 40 4 80 55 21 17 45 52 25 59 3 85 66 36 53 32 59 34 74 2 70 9 88 58 
94 52 7 100 98 20 34 74 69 62 68 30 24 89 57 84 55 49 41 82 98 
29 50 51 5 28 57 33 29 30 100 23 51 
37 45 95 88 69 44 8 100 43 5 79 96 29 93 78 16 52 22 72 86 65 66 17 79 73 74 89 32 
36 24 21 42 81 93 37 51 29 69 6 50 5 88 6 17 33 24 100 7 66 73 46 51 
61 0 62 95 53 51 48 92 54 61 12 14 6 86 91 63 76 89 73 10 90 50 60 
37 81 34 17 1 32 87 59 60 42 3 1 83 57 49 57 72 62 32 37 44 41 39 
48 20 42 45 31 31 46 21 59 4 13 17 
46 94 1 58 34 21 58 73 29 17 9 0 73 63 18 30 78 68 26 
12 59 30 78 81 47 57 94 17 72 93 9 67 15 29 66 17 25 15 78 33 23 10 29 37 71 
17 53 25 85 34 69 98 80 72 70 84 63 16 46 12 83 68 26 2 21 36 13 97 
91 55 43 31 52 48 30 21 47 42 84 31 4 4 63 80 4 
70 99 30 77 2 0 79 55 45 51 66 62 4 54 85 81 75 5 78 3 46 2 38 14 8 69 38 93 
42 87 82 94 49 8 7 59 32 39 6 28 37 47 65 25 10 65 47 
6 40 72 88 16 21 30 28 79 31 57 38 89 10 23 41 5 87 8 
36 76 22 75 72 37 81 40 80 8 62 94 64 40 57 94 91 61 50 
1 28 1 16 48 29 86 79 33 56 12 80 75 49 
56 36 69 60 83 53 65 93 72 70 12 60 49 38 71 28 17 
81 86 41 32 38 84 93 65 30 51 26 62 
62 0 75 81 62 70 39 29 53 93 19 40 20 15 95 23 78 26 98 62 29 79 
18 22 44 93 43 27 63 65 80 75 46 69 73 9 12 68 24 60 11 12 79 54 74 27 
98 27 51 66 35 61 30 32 31 100 6 92 39 43 0 72 28 9 14 29 40 19 96 1 
74 20 73 63 16 54 16 78 74 25 13 82 78 99 89 100 
71 44 63 87 8 74 47 82 95 22 87 58 23 41 0 71 0 52 7 25 68 9 
81 96 82 81 15 28 85 50 39 8 55 18 44 25 89 72 97 20 49 40 3 39 56 10 44 
88 24 54 52 2 34 21 85 39 55 63 24 72 60 60 78 17 79 70 14 77 7 87 92 76 
61 9 7 95 39 71 47 60 35 27 92 76 34 9 76 3 53 62 94 
28 78 51 97 75 68 36 25 57 86 20 53 46 9 53 62 65 
94 77 83 65 65 63 5 13 52 0 77 65 51 82 23 
22 29 16 19 66 43 77 52 83 18 45 98 3 36 84 99 27 41 24 20 
46 69 94 77 49 49 15 66 43 43 93 70 49 88 87 44 18 57 66 52 3 
35 1 6 95 13 14 47 89 70 85 44 16 71 20 16 52 29 94 54 2 1 42 85 93 28 69 45 51 
24 38 29 70 69 55 90 38 43 24 8 34 14 78 80 50 79 49 34 25 10 21 83 45 99 
91 37 85 51 35 68 13 76 13 63 40 43 28 3 17 0 0 44 
38 81 82 15 82 99 25 87 50 57 29 96 68 40 37 65 58 80 
28 22 22 1 57 32 7 23 10 52 45 15 52 32 30 100 1 79 4 27 13 6 73 10 
64 5 15 50 3 54 32 17 5 29 49 69 73 19 
13 7 33 92 94 28 72 71 55 85 66 68 13 23 71 77 
30 77 19 96 43 9 75 58 44 69 69 26 88 54 26 44 87 59 81 8 52 72 
47 98 20 86 12 24 25 81 52 47 24 99 55 0 23 80 27 36 92 69 23 98 36 65 71 
78 2 75 42 58 58 70 13 59 33 85 43 
68 12 25 62 47 12 47 92 12 82 35 6 60 29 1 85 93 91 57 41 
62 100 72 84 36 82 78 82 93 32 29 0 9 33 85 6 39 34 59 23 64 
48 13 95 0 81 38 55 56 94 34 67 34 56 4 39 44 42 26 68 14 77 7 
2 40 61 35 26 79 29 62 17 56 8 96 87 12 87 37 23 85 44 20 74 26 
75 11 75 5 5 82 69 4 27 64 94 58 58 0 18 37 50 
46 28 55 54 62 43 88 2 69 6 20 35 4 94 63 47 32 78 20 37 14 10 94 76 40 86 
22 35 34 68 97 64 19 22 15 60 3 91 
79 92 98 97 59 65 9 55 63 12 76 85 60 88 83 34 
11 39 26 64 74 95 51 30 82 48 20 65 13 14 76 74 62 28 53 9 57 75 84 74 9 41 70 
88 94 33 85 6 83 62 14 81 86 31 52 57 1 76 52 
31 21 33 82 100 6 32 61 25 46 32 81 81 80 31 64 19 47 18 
94 97 47 74 95 74 38 73 32 41 82 89 45 20 14 35 
98 52 66 34 92 76 97 3 55 88 38 15 75 
48 62 92 12 33 71 28 95 16 93 22 66 69 68 5 35 29 4 88 0 71 
20 61 85 77 86 30 10 4 30 0 34 36 16 82 88 99 97 24 72 70 94 59 90 
84 59 73 17 96 82 13 64 98 66 51 39 64 76 21 17 15 93 89 3 38 43 43 
32 47 63 62 24 93 27 98 92 82 66 25 12 100 29 
50 24 87 89 44 66 43 52 58 80 45 79 92 69 27 52 26 58 50 11 13 25 
33 0 35 64 43 74 13 49 95 45 65 16 40 58 46 2 21 13 
100 43 29 51 3 53 28 62 37 20 66 64 95 51 9 31 88 97 11 41 
14 98 13 65 99 72 27 28 67 91 33 13 14 53 53 66 30 90 44 39 100 18 61 
46 93 5 97 4 69 5 36 14 15 60 64 29 11 7 6 80 100 70 45 66 38 
52 45 53 42 0 78 52 29 53 5 1 69 30 61 23 43 51 9 56 91 15 90 
49 51 47 82 32 93 99 75 98 71 65 80 57 99 68 88 6 8 39 70 53 
67 97 88 48 25 78 88 48 44 82 22 88 56 
48 36 65 29 79 46 48 0 47 47 38 39 98 45 68 52 83 96 53 21 
24 0 74 20 14 55 86 99 70 46 9 17 67 3 71 
83 55 52 68 81 100 77 25 99 95 65 
71 0 10 93 87 97 78 36 58 95 25 52 13 86 4 4 
55 69 1 92 58 38 99 51 84 41 48 68 85 79 97 7 52 45 29 
73 9 4 62 87 28 66 17 21 83 6 87 13 84 32 19 66 75 39 
14 50 94 27 4 52 68 48 18 24 52 80 44 18 61 23 84 78 29 97 13 
100 36 40 77 72 93 79 54 90 62 92 73 32 13 76 27 83 67 84 19 
55 91 72 72 57 73 56 48 65 34 80 15 85 94 65 88 94 97 88 
34 25 0 27 10 6 71 74 22 94 19 73 42 5 41 67 70 98 12 62 82 73 
29 94 72 30 39 59 38 9 52 90 86 0 100 41 16 98 12 74 63 
14 71 30 98 80 60 64 58 60 9 24 46 91 89 54 85 
7 51 47 66 56 1 78 4 86 85 86 64 83 42 6 33 42 
46 83 14 80 68 48 84 76 57 28 22 38 70 97 53 80 21 10 3 62 22 87 4 
39 55 60 23 2 76 35 82 23 100 11 10 25 74 98 30 43 96 55 11 
71 52 87 41 54 45 54 86 33 33 59 57 42 39 83 91 10 36 100 53 64 60 73 46 16 
3 87 36 30 11 66 68 79 17 23 55 76 24 43 100 40 70 17 15 100 
18 14 40 77 13 16 89 28 24 9 72 100 47 49 
29 74 37 97 12 31 10 33 84 17 98 25 62 6 
29 2 70 2 70 11 55 77 97 55 64 23 32 82 2 15 88 36 43 23 66 
48 52 87 72 98 9 33 9 84 4 12 95 80 15 53 77 94 1 74 31 55 
21 83 58 10 75 93 75 0 72 87 94 1 76 
12 53 62 35 69 54 3 99 26 80 22 98 80 14 
31 71 34 24 15 38 85 59 28 20 61 66 46 26 64 83 25 55 
51 15 92 45 32 26 38 81 30 75 74 78 48 47 96 36 14 12 49 25 
9 26 87 79 15 19 12 29 26 16 78 30 59 21 80 14 70 53 64 7 68 68 58 47 
99 52 6 0 61 87 35 72 43 34 21 78 11 5 7 36 90 23 33 0 58 47 27 
26 8 65 30 62 11 63 1 93 85 92 20 50 31 55 19 61 58 4 68 22 
97 48 81 21 77 25 2 86 42 31 65 3 4 28 20 28 96 44 
74 22 71 4 41 36 54 54 40 68 45 89 28 100 56 75 80 37 95 44 13 
64 68 82 16 50 16 53 53 24 84 65 94 79 96 3 35 
25 82 41 86 1 27 52 13 62 89 73 69 71 0 43 63 82 76 41 99 32 98 35 26 75 78 85 85 
52 32 3 84 0 62 39 99 60 11 74 17 15 47 36 12 84 86 61 60 38 68 56 
66 16 18 59 9 83 69 29 36 77 8 53 98 95 58 47 17 
53 18 33 90 87 55 10 31 13 2 96 89 46 94 72 24 80 85 
10 85 58 25 81 37 62 88 36 3 23 91 20 41 31 34 
99 100 10 43 81 30 46 4 33 28 74 55 50 81 41 21 71 81 10 83 38 89 96 
8 32 31 21 99 45 46 4 67 36 6 17 71 44 95 75 50 87 64 
1 48 10 88 77 4 44 98 53 83 85 62 78 53 50 64 71 43 71 37 100 
86 65 70 87 89 79 60 20 89 45 65 23 27 1 66 0 
85 33 76 52 8 100 18 52 83 53 82 20 8 48 16 77 80 80 5 17 55 73 8 49 42 11 
80 52 14 57 38 44 26 79 88 38 69 27 42 87 21 90 11 16 
86 60 83 49 59 75 64 90 58 44 18 68 40 90 53 36 96 93 44 35 37 7 
33 3 42 99 70 42 56 61 9 72 2 95 60 90 
69 29 73 42 1 40 98 78 79 18 68 40 89 62 48 10 94 
80 24 9 80 60 17 31 39 74 10 56 15 47 21 74 5 4 90 43 9 1 25 69 91 
40 73 46 19 25 36 60 27 5 97 74 57 
0 36 26 48 13 68 31 7 80 42 36 89 78 49 19 78 64 78 70 68 21 65 
55 27 87 41 28 58 16 78 35 63 6 62 92 52 65 14 60 83 
28 81 73 37 26 13 11 87 26 28 22 10 91 38 88 36 2 59 48 53 85 
69 100 14 81 88 85 62 90 33 23 100 51 8 14 89 59 
28 42 82 65 27 43 81 18 37 45 4 73 22 74 98 81 26 64 88 63 37 
20 90 8 28 40 94 69 86 70 39 52 59 41 82 0 89 58 
67 18 13 33 33 96 76 94 19 40 34 80 94 95 49 99 10 96 36 64 20 98 61 46 71 36 
86 66 23 74 28 43 62 66 84 1 37 18 33 60 52 16 19 48 70 58 17 
7 99 59 63 59 27 77 7 25 68 74 70 36 47 8 31 80 49 57 99 68 
26 28 6 3 34 49 2 73 9 75 86 38 42 61 19 44 59 57 47 89 
83 45 36 84 10 46 83 38 64 54 27 61 89 57 49 1 89 18 53 
61 77 22 91 68 81 19 62 13 1 58 96 41 42 
41 22 66 52 29 78 2 87 73 75 55 70 85 39 77 41 3 47 26 72 12 80 6 80 
69 23 41 13 55 46 3 64 12 19 76 0 43 94 75 87 77 95 1 
71 87 50 89 3 64 73 26 31 64 86 61 57 32 87 31 27 9 84 54 
73 91 47 54 88 25 78 41 63 28 44 40 
31 38 95 16 44 19 35 18 32 39 19 11 22 50 46 84 29 34 60 76 82 28 
69 80 68 23 86 84 98 18 47 37 31 13 0 12 60 82 11 50 8 65 14 25 85 35 51 68 
4 91 88 13 66 72 63 4 95 15 97 54 9 86 27 77 
9 20 68 87 81 63 2 99 82 22 79 49 72 98 64 98 59 83 97 36 64 60 6 92 52 60 20 
67 17 19 44 63 56 69 64 96 83 48 73 12 77 24 7 62 48 
72 34 11 66 0 90 41 62 33 42 49 23 65 29 83 78 57 15 
70 22 43 51 4 33 6 70 14 82 87 96 90 60 1 89 83 26 76 33 89 41 87 12 
44 61 49 49 24 79 95 79 23 50 64 82 91 72 93 73 86 85 13 2 89 46 50 95 33 6 79 84 99 11 
44 33 7 90 33 82 58 4 99 74 32 16 65 50 69 29 29 60 19 77 28 55 75 77 
99 74 45 57 49 18 77 42 63 3 55 48 92 
100 48 72 15 92 32 99 40 7 75 70 8 70 87 25 50 43 21 1 42 51 50 
15 6 47 86 51 69 84 68 81 89 4 25 97 93 
26 84 53 8 23 63 52 84 42 100 86 77 15 2 99 21 46 52 39 73 95 9 
42 88 47 46 63 1 94 67 6 82 96 36 
2 42 51 79 75 46 63 52 3 66 62 43 84 64 78 70 77 62 28 37 5 
4 70 91 56 77 63 14 95 89 14 76 10 50 2 33 45 40 
94 80 1 85 84 75 91 4 89 87 36 100 67 55 48 45 12 
58 82 7 5 50 9 89 19 92 81 78 45 49 85 81 60 10 90 78 82 27 
29 22 11 96 89 2 1 59 84 60 7 55 56 30 59 28 26 39 87 
16 40 71 81 50 19 60 64 76 37 98 98 93 28 5 78 49 60 46 63 3 98 83 
38 55 33 36 44 32 83 18 30 10 9 40 46 30 60 15 39 
5 25 5 50 6 35 73 91 59 49 32 95 5 25 29 29 1 79 91 
96 37 50 8 25 80 19 70 69 44 5 100 78 39 92 80 69 34 31 22 63 49 29 57 86 
34 46 74 24 46 10 65 70 91 52 88 31 62 18 100 88 4 37 75 12 88 62 69 
65 21 22 48 89 77 46 70 9 26 30 37 17 77 
14 52 1 16 42 36 56 16 8 87 65 86 61 40 1 75 12 28 86 63 41 11 
83 16 78 50 65 100 32 67 89 57 25 36 48 41 9 62 47 49 52 
31 19 4 92 65 26 91 69 82 83 56 99 53 63 9 27 86 60 96 71 26 51 9 25 
93 63 2 11 18 61 36 74 34 59 100 17 18 55 11 88 76 81 57 62 85 81 44 94 
34 87 53 31 91 82 4 42 96 27 77 41 0 95 44 41 69 22 
14 65 65 81 52 37 28 95 78 85 69 40 39 49 93 11 0 65 55 11 
39 68 46 64 26 20 6 57 61 5 45 31 67 73 31 14 72 10 
67 10 41 96 57 25 90 16 18 86 28 5 97 48 65 76 85 10 26 37 90 6 15 15 40 52 
79 5 59 93 100 21 6 92 4 28 51 87 2 77 64 20 93 52 34 20 79 
62 42 68 15 64 10 60 68 19 33 9 96 22 44 
25 69 0 63 92 21 21 78 47 46 9 69 90 13 88 49 30 21 93 
58 85 52 52 55 23 28 14 58 100 25 59 75 1 88 90 2 3 33 97 19 
20 38 50 22 6 5 82 77 95 74 81 89 85 85 47 77 68 91 34 
53 73 39 0 15 91 28 64 54 69 77 27 7 71 38 39 79 24 20 18 58 
0 62 1 44 46 23 96 38 68 15 92 59 84 46 83 75 80 89 73 59 77 5 63 
21 33 52 0 33 94 85 58 19 100 53 18 87 74 28 88 87 73 5 17 14 27 
43 9 6 17 16 51 45 15 4 42 40 70 57 90 33 85 42 29 
91 14 39 73 29 46 7 100 84 9 23 100 80 32 1 80 89 15 10 7 53 51 64 83 
69 60 39 32 12 51 38 86 49 32 70 77 14 36 83 82 70 1 4 23 
30 59 94 81 2 47 3 21 59 47 80 2 100 23 19 67 68 
8 92 52 33 61 39 30 7 56 8 52 85 43 83 60 77 50 97 71 
84 27 63 17 34 94 39 35 60 92 76 45 16 5 27 91 28 37 93 25 77 37 90 
59 69 19 25 72 57 93 97 93 71 41 50 22 29 92 49 87 23 62 
17 87 58 66 39 98 91 3 34 91 98 97 7 15 9 9 43 12 74 99 
26 19 68 97 9 82 66 91 81 69 28 45 83 61 32 0 18 61 36 
59 9 10 1 81 81 63 99 57 91 54 89 93 11 62 
19 45 61 53 39 59 96 75 57 72 58 80 18 96 13 54 78 99 81 60 
76 86 59 34 63 35 15 64 68 37 80 32 41 36 26 49 74 9 27 49 
37 80 42 67 7 57 65 17 79 100 68 91 83 40 11 2 65 26 42 55 58 90 
41 1 63 64 1 98 97 29 95 19 87 60 29 96 12 60 17 5 83 45 
61 100 1 31 40 66 26 57 62 83 40 87 67 74 48 89 81 51 88 31 
66 99 54 22 87 65 59 45 80 73 27 60 98 67 11 49 86 83 69 20 
98 78 17 82 38 79 25 80 36 79 99 24 33 62 70 47 
43 25 90 68 34 12 23 63 65 30 33 49 23 5 23 73 91 71 58 2 47 99 40 
58 63 70 67 30 85 87 34 62 49 24 99 96 66 62 35 15 
99 65 72 99 34 14 64 91 62 39 84 5 97 6 78 13 21 89 92 53 
11 78 60 61 80 95 44 42 88 75 26 73 94 30 5 
28 64 88 7 40 71 79 11 76 72 55 62 100 77 
86 10 89 72 55 22 2 69 5 46 29 59 68 46 10 96 50 3 67 54 51 22 85 81 14 
52 14 38 18 22 36 78 40 70 99 76 82 86 73 47 40 98 74 60 15 
18 95 36 63 56 66 89 8 40 72 90 3 83 43 22 19 75 39 81 21 4 37 4 49 
2 43 20 33 47 76 31 10 87 1 98 26 90 86 89 61 86 22 47 13 31 
0 4 19 10 99 74 31 56 15 65 77 58 2 28 7 93 61 25 11 58 94 12 59 
36 45 85 32 46 56 44 89 60 58 37 30 16 89 22 48 37 5 
30 60 36 24 41 81 49 94 76 40 5 71 93 4 47 24 69 90 98 34 57 1 26 6 75 29 38 5 33 
40 54 71 36 69 88 90 47 91 97 91 15 38 37 16 0 87 79 50 89 38 96 
57 24 76 44 83 24 10 37 35 40 33 59 80 37 22 67 14 
71 41 2 69 68 49 64 81 90 12 3 30 82 6 71 60 82 22 78 67 87 16 66 24 58 0 51 38 27 
76 13 10 11 89 55 13 17 90 25 15 26 65 59 54 32 22 67 3 
46 41 20 50 14 56 69 22 98 26 29 51 3 62 41 80 8 22 56 21 50 96 92 58 49 
18 44 92 6 28 82 83 89 13 77 76 89 7 2 63 55 10 
6 28 7 8 84 55 48 73 41 99 88 37 13 
73 7 88 50 50 82 12 66 33 72 32 100 92 97 50 46 50 43 82 
51 40 1 69 11 5 7 77 69 80 76 75 71 49 22 90 24 39 86 56 94 46 
34 94 17 92 16 28 3 6 97 59 1 92 2 41 19 64 
52 40 54 96 44 22 73 55 67 46 97 95 81 8 76 41 63 50 53 58 76 
5 23 32 55 50 70 3 1 36 70 4 91 63 64 19 61 97 24 55 3 62 
50 59 64 92 44 22 23 92 88 33 17 19 75 58 65 33 28 89 56 94 79 92 27 
39 13 78 6 89 41 75 100 50 60 36 37 33 68 41 42 73 16 46 79 54 92 83 88 91 
50 46 45 32 67 73 89 67 46 78 71 23 9 11 18 
37 59 27 36 71 17 25 79 92 80 21 25 28 55 3 13 63 55 26 76 83 65 22 
18 73 25 27 85 43 29 100 23 42 9 46 26 43 31 23 43 100 86 58 11 4 15 95 
28 18 56 48 48 21 79 83 20 79 97 53 38 58 41 100 92 77 100 52 
64 35 33 9 24 18 97 89 82 63 73 59 30 64 99 65 16 14 
20 24 92 11 31 83 36 95 98 14 66 10 96 82 62 55 0 18 64 55 57 68 94 84 94 10 45 19 
48 43 48 27 79 73 58 97 64 32 22 45 98 75 9 15 80 36 47 48 11 85 97 64 
79 67 72 20 37 40 34 55 51 61 97 7 51 96 15 79 100 81 
69 78 46 36 14 1 86 79 84 54 36 9 67 43 3 72 8 32 79 64 99 35 
92 59 4 99 11 91 42 48 52 64 18 40 53 20 11 40 65 63 15 
91 54 68 25 5 15 96 38 16 82 1 64 20 
80 78 4 27 13 100 41 25 100 91 64 62 34 88 18 46 13 75 74 83 98 
12 79 15 66 47 81 84 75 30 77 69 71 91 82 87 88 40 94 33 
78 5 79 24 68 56 1 22 85 55 58 58 
50 21 60 54 16 66 9 76 17 83 53 96 32 91 49 51 59 82 34 14 7 28 
96 34 93 18 83 47 76 3 3 91 12 14 57 40 15 17 54 97 0 
80 97 22 27 84 86 25 52 12 49 99 55 74 6 
64 45 44 4 35 54 77 86 59 14 99 69 75 45 27 93 39 6 18 
68 99 14 44 59 74 89 32 100 88 1 59 97 95 85 77 16 41 27 97 60 55 6 9 39 
30 66 77 94 85 46 91 23 75 11 65 59 82 36 36 58 23 24 70 1 43 
61 94 4 95 43 7 45 0 54 43 58 6 33 79 43 48 47 18 97 87 96 15 
34 74 0 49 26 68 99 33 69 8 29 
62 47 99 59 32 43 37 66 40 34 27 40 18 85 22 89 95 98 27 42 17 
10 63 83 9 32 34 15 83 100 47 
8 49 71 36 31 54 52 43 34 50 37 84 19 58 20 12 78 20 97 
40 86 91 78 5 2 44 50 8 69 25 44 2 54 90 39 25 70 4 69 74 41 
29 27 58 30 65 47 75 68 68 12 57 3 30 23 96 89 100 79 6 
78 67 21 42 32 4 68 52 71 23 61 96 2 97 4 76 74 6 39 
20 44 85 31 23 85 41 79 6 100 23 73 24 63 17 52 2 4 14 
28 23 4 99 15 97 52 1 48 85 44 93 63 47 61 45 91 7 35 75 97 4 84 54 93 50 
65 99 16 34 48 72 76 63 72 86 37 43 17 84 84 29 85 58 60 80 79 36 7 56 67 44 53 
40 100 39 97 12 6 28 46 66 4 76 40 0 85 100 48 38 11 
87 25 98 76 30 65 71 99 62 93 19 58 63 24 44 19 
41 81 77 17 6 1 17 20 50 58 28 47 22 40 67 92 43 2 69 29 14 69 3 28 31 28 57 67 83 
35 92 59 56 26 22 15 56 64 26 56 40 36 72 51 67 34 41 34 32 70 85 7 78 
63 100 10 75 64 59 70 81 51 55 13 64 2 5 3 8 43 41 57 32 78 
22 72 86 4 16 12 77 16 0 43 51 89 97 60 25 15 66 91 32 7 
2 98 100 37 28 21 54 99 23 96 62 28 42 53 98 82 81 77 87 3 84 94 25 94 
56 47 4 6 83 89 2 22 32 39 48 92 29 55 
22 38 56 6 66 25 17 83 94 7 24 16 5 48 25 45 98 84 85 61 48 2 
56 37 34 0 66 4 0 52 2 3 30 40 32 39 75 81 88 36 65 32 53 54 47 39 35 44 80 
95 75 30 52 22 87 47 4 45 20 32 32 99 88 91 17 7 16 25 87 
57 33 38 59 98 41 13 64 95 78 42 59 37 67 67 29 10 93 
13 25 17 98 92 41 52 41 28 22 45 24 78 30 27 18 18 44 62 13 64 
15 17 89 95 8 54 64 11 42 8 6 60 62 56 9 38 43 86 96 26 49 84 86 
79 58 90 92 43 28 14 12 80 44 26 0 39 41 75 87 89 46 26 6 5 22 79 63 60 86 
45 29 44 28 94 17 9 1 35 63 35 75 100 77 48 43 84 27 1 25 75 
12 38 91 74 67 52 93 72 89 98 83 54 89 8 75 65 77 31 38 91 91 45 29 53 87 16 94 29 3 
61 41 98 71 84 93 34 99 91 80 5 65 52 79 89 36 72 42 
66 33 27 73 31 41 56 26 17 9 10 
57 22 32 5 81 38 43 84 12 37 50 37 20 3 47 9 91 73 24 94 59 13 73 
41 100 39 7 92 59 13 76 54 88 64 71 41 79 8 41 5 6 42 99 
89 81 93 68 21 72 89 96 56 67 25 88 60 98 94 10 
67 45 82 81 10 83 92 55 35 19 47 44 66 78 92 25 11 99 100 61 72 
35 2 8 39 87 20 65 77 25 45 21 56 70 42 97 75 23 43 61 90 18 85 8 97 60 11 
4 26 78 26 100 73 48 22 57 52 26 88 52 4 73 81 71 8 15 66 39 12 28 39 58 56 
74 72 82 47 60 87 86 66 12 77 86 24 59 2 44 5 97 70 93 
2 30 51 22 91 10 86 14 11 18 80 66 14 80 24 49 40 81 74 43 100 59 19 49 82 8 
35 29 55 83 20 36 73 52 87 100 29 48 48 30 
34 9 50 96 37 99 77 36 46 62 5 8 53 91 3 
25 33 27 6 15 12 74 70 44 71 0 60 44 100 8 44 67 11 61 8 91 7 21 35 6 4 
19 32 48 64 85 23 70 35 20 73 71 60 1 89 40 70 32 29 
23 37 68 5 25 43 32 51 21 60 74 75 59 41 68 84 95 42 67 14 33 
52 72 58 74 72 97 61 94 27 61 86 82 21 20 31 27 70 22 17 30 17 
97 70 24 7 6 7 74 75 80 56 48 47 51 22 88 94 89 2 88 10 89 
56 83 85 85 34 66 14 8 72 17 65 34 91 87 27 57 84 37 20 17 24 36 91 
5 39 75 62 91 90 40 37 54 43 15 
75 43 81 62 98 16 63 82 72 62 39 6 100 2 18 94 85 48 92 
31 50 93 88 68 42 67 3 45 75 1 59 66 83 29 68 19 26 17 82 93 33 5 55 11 98 89 94 0 
31 8 37 21 38 15 94 97 41 16 34 89 89 7 22 23 
76 83 2 48 24 38 68 21 94 14 56 86 3 88 43 82 73 8 98 63 73 
20 46 4 30 42 58 87 90 3 0 74 80 100 6 15 30 65 50 
52 47 73 60 17 72 3 41 73 62 75 72 37 46 44 30 54 1 10 66 75 
91 5 4 38 24 72 19 70 43 12 42 66 35 26 21 98 98 81 39 77 69 15 70 52 
80 34 29 1 81 55 77 29 77 43 36 22 100 37 
80 91 80 78 68 23 62 54 93 59 64 66 80 41 68 61 65 49 
76 81 66 2 31 16 51 60 93 91 88 27 69 2 56 94 0 22 75 56 20 26 26 87 13 72 
18 78 61 66 20 10 100 53 78 11 55 96 47 73 35 15 34 58 60 7 
31 90 11 8 92 45 95 0 87 90 
44 65 88 29 79 81 61 35 32 99 80 2 78 89 28 19 44 95 18 97 89 
89 50 54 69 98 7 67 46 7 60 65 27 
98 21 90 94 84 43 14 57 53 34 94 13 22 48 87 44 57 42 
57 13 15 67 36 37 87 77 56 90 90 76 14 75 99 
79 50 44 61 13 41 0 96 4 29 24 99 33 74 7 85 22 33 85 44 77 21 45 54 45 82 75 
80 92 33 8 89 6 6 26 77 100 9 25 5 93 40 51 0 78 23 76 48 95 
38 59 41 93 92 30 39 24 30 65 29 63 20 29 87 2 61 79 80 
69 79 24 34 68 82 85 91 74 19 69 49 3 70 28 
74 69 91 63 33 92 1 100 35 10 92 63 15 11 18 2 30 
61 37 30 50 5 56 4 52 98 85 61 27 82 69 86 67 30 18 53 4 
54 50 78 66 40 39 45 63 44 0 58 26 94 99 0 100 84 25 35 63 46 69 
26 2 59 32 59 48 63 74 19 53 15 2 2 2 62 49 68 29 17 70 13 92 44 94 79 3 18 11 54 28 
27 23 55 12 58 46 13 6 24 49 52 3 30 42 92 75 93 36 67 59 12 
56 2 81 59 77 87 66 28 83 75 92 97 66 10 45 75 2 53 37 48 81 95 
48 71 38 36 65 61 30 10 96 24 41 56 71 12 26 83 86 
16 29 3 55 64 42 77 19 55 84 72 79 87 92 12 15 
58 65 6 78 45 49 2 56 78 13 77 32 81 
59 47 14 26 63 93 0 83 9 66 14 54 42 31 7 87 14 77 29 54 
81 68 98 74 1 42 39 67 59 80 89 37 95 38 0 41 37 75 18 
79 42 77 10 69 91 80 24 12 37 58 28 72 36 71 47 55 81 68 42 12 39 66 44 
97 46 41 57 28 63 17 57 65 2 76 55 1 9 28 1 78 71 20 
24 51 91 24 27 16 69 67 94 90 18 45 99 18 39 7 48 68 57 
20 32 36 76 67 36 54 48 89 61 84 27 0 47 99 33 91 79 11 0 4 15 44 81 
80 63 86 97 77 80 19 98 64 49 55 90 70 90 21 
31 14 6 15 71 8 54 46 87 1 55 65 88 87 60 10 
100 69 61 60 62 14 18 42 93 3 67 81 31 96 35 
18 46 34 61 14 72 39 42 15 39 28 64 98 47 78 36 53 64 3 48 
84 36 53 81 80 36 54 10 87 34 95 20 29 95 26 39 55 52 37 82 50 55 68 76 83 
11 32 62 54 30 30 91 92 58 86 31 
15 5 87 1 65 31 31 99 95 37 79 81 65 44 26 51 87 82 92 
70 50 71 9 50 58 50 17 14 39 88 86 45 20 89 62 81 45 65 61 6 25 22 87 38 34 97 54 44 
10 84 98 20 2 42 83 52 41 73 78 42 71 62 9 78 
27 47 62 97 83 42 47 27 70 18 82 35 63 71 44 19 22 69 9 7 80 18 19 52 
91 84 53 5 38 18 12 40 79 46 87 39 15 40 45 99 53 
73 14 28 67 55 88 75 67 63 58 18 80 53 56 
88 100 69 59 87 94 68 75 32 100 74 41 78 7 96 7 33 43 100 
43 57 60 61 17 66 50 1 49 73 58 65 96 12 55 39 21 70 100 
45 76 83 94 12 49 94 18 8 14 38 51 23 2 62 8 64 14 
85 26 61 80 2 48 18 73 51 48 31 93 36 74 73 16 80 28 58 1 5 68 
30 70 4 51 19 44 66 82 76 63 34 94 79 67 61 35 35 72 78 
58 86 17 67 64 74 36 20 90 2 51 0 
53 70 27 1 30 87 47 44 8 80 32 63 24 96 100 86 86 85 
95 56 41 10 30 75 76 51 11 34 30 53 20 53 15 95 16 23 
29 25 94 20 61 81 46 45 24 95 24 93 19 70 95 96 59 86 94 2 
35 99 2 65 46 93 5 7 36 10 83 43 64 13 12 83 
60 91 27 98 54 24 41 63 72 68 64 100 20 97 86 74 26 57 32 11 71 18 14 57 
20 59 67 95 28 47 90 17 41 50 24 81 42 99 66 
83 98 32 89 57 80 88 50 95 80 24 45 84 26 55 38 81 
59 67 23 13 62 30 86 57 2 90 7 56 75 67 98 64 86 
19 54 91 62 41 30 87 12 78 93 52 42 87 21 1 18 94 51 31 36 
26 42 46 98 91 44 40 14 25 13 74 32 19 82 20 26 67 11 24 69 
24 42 7 64 23 13 61 30 83 16 39 93 90 55 12 46 49 25 14 78 68 97 71 
55 19 45 78 15 11 52 75 90 38 72 63 17 70 27 
26 77 99 59 58 34 23 31 7 77 23 38 88 
2 21 47 89 27 22 63 66 28 54 78 95 99 45 20 98 28 32 15 88 44 10 
53 96 61 60 74 24 71 25 75 46 47 7 2 1 75 93 35 95 
10 9 33 23 93 78 91 54 71 17 72 86 50 18 37 88 27 34 
18 46 37 90 3 77 16 32 98 63 9 59 
79 27 9 53 84 2 95 41 88 66 56 67 69 3 22 9 
95 81 7 80 88 59 77 4 4 1 37 60 51 88 25 93 72 40 96 57 39 
1 35 42 59 37 93 2 31 51 53 14 51 50 57 
41 51 22 11 80 57 91 79 93 90 7 39 58 40 77 67 38 88 40 75 
79 94 16 18 3 13 4 60 32 97 97 90 8 46 7 61 75 97 35 
68 37 26 7 35 1 76 99 98 13 81 45 20 30 84 48 67 83 24 40 36 
87 76 42 61 13 15 9 23 81 93 62 57 68 81 22 12 50 3 
58 41 34 28 43 25 63 36 85 5 96 64 8 38 90 16 39 27 86 98 81 
58 52 65 76 98 7 38 98 57 38 15 17 46 28 0 23 
6 32 83 12 92 90 85 5 65 37 22 77 8 32 53 9 68 49 33 
3 25 47 95 18 60 86 46 80 19 6 36 38 90 4 78 
25 5 65 39 7 53 70 67 88 17 12 60 61 65 88 13 29 69 62 42 88 69 
99 0 68 47 18 92 15 15 67 68 57 17 100 66 3 51 51 58 94 66 2 
18 90 19 7 67 55 25 74 68 11 93 95 3 92 33 1 
20 88 27 16 64 45 95 25 95 39 24 72 90 21 72 
12 75 94 67 98 55 48 42 69 21 22 62 85 76 66 67 27 3 76 17 89 6 56 3 
11 58 19 23 63 82 68 100 31 77 25 56 40 28 27 18 43 92 70 
51 94 58 38 2 46 1 29 97 22 81 19 63 34 33 22 10 54 7 96 
95 1 24 13 76 90 12 39 78 90 48 83 92 17 68 54 1 30 50 3 95 
92 72 89 74 10 50 85 18 53 35 19 48 37 70 100 61 99 80 
0 17 73 50 50 39 26 12 79 39 85 37 67 13 3 58 81 53 86 46 31 37 
18 91 88 72 60 34 17 47 42 79 76 89 96 15 45 91 83 100 60 68 35 94 8 0 20 
46 38 6 1 28 7 83 73 48 51 25 87 6 
71 14 24 44 97 11 97 97 38 7 76 35 7 61 57 60 96 82 26 68 81 
93 83 26 98 19 92 91 32 78 13 64 45 1 80 35 17 
6 41 28 73 34 11 49 76 95 26 10 30 2 16 66 
69 52 57 81 91 74 18 91 42 2 29 12 19 95 76 
27 60 84 66 100 80 36 20 15 6 14 4 25 66 
87 92 59 24 90 39 64 63 4 89 45 16 49 21 63 0 42 
4 98 71 9 6 100 68 20 23 56 50 75 84 94 61 18 45 8 27 16 99 56 15 69 51 7 
42 48 85 64 6 2 31 92 58 74 62 96 48 91 86 58 
93 11 78 34 18 55 85 57 98 68 49 91 
73 13 10 65 37 95 43 46 52 96 81 79 42 64 21 49 40 17 93 
100 46 12 49 82 47 27 16 67 57 24 56 29 40 26 66 98 9 91 50 25 61 37 
7 48 65 26 27 14 100 75 79 16 100 66 23 15 31 
7 40 2 70 72 6 36 71 46 66 53 35 13 64 30 3 56 
36 41 61 33 35 5 96 62 0 19 75 77 63 78 17 60 
26 43 21 14 54 25 68 30 59 66 49 96 54 74 4 
73 66 73 55 89 1 80 20 70 94 60 51 78 76 66 28 2 70 38 63 73 66 
85 71 30 3 69 23 77 70 64 98 81 24 62 11 0 58 2 75 99 58 78 100 20 
52 47 9 27 29 84 81 17 13 37 0 86 50 33 85 31 6 40 32 29 94 
72 60 94 41 56 32 5 5 88 64 98 1 28 
52 34 71 2 96 59 82 61 53 16 57 76 35 92 6 16 57 32 36 99 33 75 39 55 16 15 33 55 
61 52 51 5 90 35 54 59 89 80 94 56 42 80 52 91 65 61 28 47 44 83 
43 65 74 37 50 6 45 33 70 74 16 74 61 84 98 74 27 100 60 96 2 64 
91 71 59 51 77 17 22 55 7 3 85 61 0 52 72 22 48 41 
64 87 65 59 54 39 77 95 98 14 78 60 74 45 28 37 35 69 97 56 
5 97 43 59 87 15 91 41 30 33 8 83 92 76 94 42 100 84 20 67 73 54 90 
29 21 0 38 22 2 0 74 57 65 45 56 13 99 58 34 64 20 72 26 91 67 6 31 
37 98 20 7 61 74 71 51 9 20 79 58 1 33 91 58 3 7 7 
10 2 31 19 54 33 30 49 67 42 31 50 21 19 32 69 99 55 86 54 
87 55 69 9 0 9 98 74 35 19 36 
38 26 37 70 76 90 80 81 9 86 88 53 1 96 45 
72 51 55 88 58 98 69 8 
64 69 87 76 54 40 40 56 21 27 7 31 36 56 55 78 27 13 87 77 44 13 11 61 43 86 48 12 
97 40 7 11 63 66 6 7 23 13 86 90 11 11 86 52 36 89 12 56 53 47 45 1 
78 65 16 79 45 86 84 18 79 55 62 61 52 6 53 27 37 58 35 26 
73 3 36 41 96 33 24 37 12 19 42 67 68 22 49 86 69 11 67 31 0 67 5 
45 91 0 16 54 39 71 51 92 57 44 8 46 86 33 69 
34 0 96 25 3 51 73 20 16 2 58 19 93 35 83 46 37 29 25 
38 89 82 52 5 26 97 50 79 68 55 5 61 83 44 25 62 70 54 82 17 47 5 32 78 88 74 
50 79 92 2 74 25 53 29 41 54 15 83 40 45 58 71 44 3 60 59 98 60 54 100 1 
28 63 71 44 71 70 99 19 100 41 73 1 93 0 83 65 1 27 25 38 89 22 
22 41 29 47 92 3 19 67 38 54 42 53 80 59 96 98 50 28 66 50 49 91 14 
13 11 38 6 74 30 92 80 86 81 77 62 16 79 99 48 36 42 66 47 65 11 29 15 42 
65 87 91 70 64 7 9 28 35 93 13 16 84 11 65 32 35 1 73 49 70 
19 94 21 94 27 77 29 96 43 4 65 9 12 75 75 
97 60 49 11 40 46 97 75 86 41 92 12 53 50 22 47 83 11 76 27 41 47 21 
80 91 97 13 7 98 38 29 29 47 94 44 20 66 58 59 55 1 54 47 44 29 3 89 70 55 72 26 0 89 
7 78 49 56 4 3 21 59 50 4 30 96 18 31 70 89 80 73 70 98 76 3 14 78 83 
1 49 10 34 13 60 21 74 21 88 40 45 64 38 70 77 
15 24 85 71 86 69 28 17 69 55 49 81 86 79 16 4 39 89 88 21 72 
87 55 42 19 21 40 35 43 29 40 23 83 3 97 56 62 11 8 
31 94 74 89 77 44 8 32 47 58 68 47 94 23 9 49 31 27 84 2 
76 18 50 49 20 100 69 90 99 68 83 96 52 95 18 85 51 48 80 63 80 
10 15 57 80 80 31 32 98 78 34 15 39 27 22 37 5 16 24 18 6 
94 57 58 11 51 80 100 6 25 13 29 0 32 96 
4 79 62 72 64 33 54 52 43 6 70 4 54 99 39 13 77 96 85 82 90 76 71 88 77 
4 38 16 91 58 61 86 16 85 20 72 12 89 81 26 55 27 22 44 
48 34 90 21 46 89 0 88 17 8 97 47 24 34 38 20 45 62 93 64 47 2 77 83 50 93 
75 56 89 90 38 24 79 38 22 96 2 5 33 71 79 29 21 7 49 93 58 93 1 75 15 44 
62 41 98 4 29 1 5 77 85 15 23 
28 14 45 33 89 19 20 53 69 6 50 90 91 54 12 32 10 30 87 
17 61 53 85 10 81 15 34 38 73 63 49 35 82 30 32 59 61 14 40 39 15 30 
83 78 7 59 92 64 69 50 83 79 4 21 54 98 9 58 
15 18 67 93 35 91 47 20 28 13 41 53 15 5 37 17 63 70 91 65 
24 85 44 21 37 34 50 86 67 88 81 87 15 64 4 97 
28 90 28 59 30 47 6 56 38 53 53 34 56 82 
80 3 5 7 2 0 30 68 2 25 7 26 29 54 15 12 66 37 8 57 60 29 25 17 84 
37 79 82 74 13 38 69 45 13 60 24 86 14 79 76 37 13 64 37 45 85 47 65 
42 34 32 75 70 42 54 69 26 23 24 96 47 56 1 41 98 84 
63 14 96 18 61 93 4 47 61 64 15 50 19 76 3 32 52 38 71 
42 70 87 61 38 73 51 91 9 6 73 90 11 71 24 53 89 59 70 89 66 46 
85 73 54 9 68 23 15 86 36 73 28 76 89 31 84 9 56 0 54 0 30 33 86 
86 6 67 54 66 100 45 9 61 17 52 45 97 3 55 
100 97 21 99 26 92 59 28 60 16 60 80 48 42 0 74 19 92 92 73 52 68 
98 56 43 30 23 77 60 8 58 15 80 96 40 5 75 46 90 33 58 0 32 29 61 32 69 
41 9 69 76 79 37 76 13 42 20 50 95 51 52 66 56 
52 98 90 95 95 39 21 35 74 82 32 21 91 23 80 50 14 71 
56 27 43 74 27 55 21 98 88 5 94 94 12 3 6 16 13 70 
65 34 71 56 75 5 70 36 83 61 61 35 68 59 28 4 
79 43 78 47 51 9 53 91 66 60 94 95 53 9 67 92 19 28 92 59 
13 3 79 12 80 57 77 55 29 2 97 50 10 2 53 86 89 16 76 93 37 20 
9 13 43 91 62 54 67 95 12 99 96 56 99 74 19 95 30 19 
97 71 24 55 76 70 79 100 16 6 2 53 97 36 8 98 79 87 29 80 
8 15 82 7 6 36 33 78 76 56 54 16 50 81 64 60 86 47 8 2 62 82 93 
95 78 27 36 60 37 50 10 53 38 86 37 92 37 22 26 42 21 44 6 24 66 19 
42 59 61 60 87 10 21 67 57 3 5 32 54 2 42 
78 80 31 65 100 98 29 25 93 66 61 10 80 21 2 54 47 14 
85 89 85 46 65 54 76 91 50 87 55 3 2 90 25 58 62 20 100 87 40 30 13 
59 97 55 28 42 56 94 15 99 35 11 51 92 9 31 27 
76 100 36 27 89 87 1 80 28 50 15 30 34 84 71 13 61 34 
23 3 8 70 38 65 16 2 82 36 1 82 87 87 68 61 92 31 66 67 2 50 2 
78 88 70 37 29 33 47 12 34 21 64 61 56 29 30 19 97 39 
57 75 91 100 65 38 22 13 47 99 81 93 83 38 47 15 98 61 96 
21 34 91 35 64 80 20 54 25 100 84 16 39 74 93 33 
6 44 81 97 90 87 40 48 87 66 85 72 38 90 46 89 32 4 90 3 83 87 77 11 
20 58 77 3 85 6 41 33 10 17 9 73 81 79 20 
3 54 36 34 16 19 82 73 51 36 100 4 52 24 37 57 1 21 14 5 61 66 
20 58 38 21 18 30 84 56 78 32 89 95 13 23 39 77 4 
40 1 100 79 20 52 36 13 99 40 54 44 99 75 83 
77 29 90 33 52 9 73 4 66 5 83 31 62 
61 68 7 30 38 8 37 17 49 53 22 51 79 87 72 14 70 58 63 11 48 2 46 19 91 93 42 97 
99 59 72 47 4 47 97 75 37 21 65 48 35 71 24 65 8 1 85 
16 45 41 89 23 86 54 63 74 51 0 66 25 17 88 38 66 
86 91 21 73 5 42 39 72 35 47 71 16 78 2 14 83 
91 98 35 8 44 9 25 52 63 84 81 68 38 94 43 61 
84 16 15 97 36 97 98 41 3 0 18 
97 16 31 25 30 12 48 57 60 92 38 89 46 12 59 46 75 81 17 92 33 
82 42 85 69 19 14 65 99 69 95 88 83 56 66 66 30 1 92 
87 15 42 98 72 39 29 76 48 78 59 16 33 86 62 93 78 81 33 37 
60 93 11 33 14 98 6 6 3 56 84 63 89 55 55 7 18 70 54 9 5 61 92 
86 84 33 81 33 30 59 82 12 4 7 
17 51 32 16 11 24 70 95 33 0 22 63 37 7 12 82 65 23 82 64 
50 83 48 4 53 65 65 12 44 96 89 18 69 42 56 35 28 82 2 60 17 9 18 
81 3 60 35 83 87 13 84 52 62 92 75 46 85 
55 93 100 86 45 17 56 9 70 23 8 24 70 37 79 17 
35 8 98 19 48 4 55 16 90 61 87 6 65 
4 0 37 45 24 42 56 3 72 64 17 4 21 82 82 16 99 66 7 73 94 20 
15 21 83 89 66 13 63 90 92 45 97 0 
42 29 75 71 66 83 37 16 66 17 37 14 13 54 65 81 13 57 96 98 27 30 49 10 
20 80 95 87 38 74 51 21 54 76 8 89 54 9 24 98 
69 12 48 64 97 0 85 26 30 7 36 77 98 46 52 98 60 
4 34 46 88 2 49 94 61 13 18 34 58 96 66 10 63 68 76 81 
46 88 92 40 100 60 38 28 93 17 94 11 47 55 50 68 55 21 81 55 42 92 71 
3 67 86 40 83 22 98 72 55 92 23 37 17 33 87 83 33 65 46 79 
20 58 92 41 31 83 75 7 0 10 66 72 17 72 13 55 95 94 16 65 86 34 
97 76 53 83 51 33 88 31 32 10 83 81 21 64 64 38 38 68 66 
5 55 6 7 91 74 30 55 56 62 94 100 4 90 27 55 94 23 98 8 6 7 23 51 18 
51 52 48 26 85 69 67 1 9 19 22 19 91 24 36 81 99 7 37 52 11 
1 56 99 96 81 97 32 93 49 31 81 40 34 43 65 41 13 74 56 
79 95 99 13 51 49 50 29 11 37 69 76 44 71 6 
56 79 22 70 100 64 83 89 81 73 22 21 67 21 20 87 13 
15 76 43 9 89 54 19 2 73 71 71 78 12 32 79 36 46 88 72 74 44 52 
17 70 96 61 85 35 88 81 37 54 27 74 51 44 17 15 66 73 73 72 39 5 93 97 
43 67 33 45 38 24 51 13 87 54 62 25 67 96 76 47 48 90 71 
81 58 50 38 97 47 58 45 22 28 7 100 80 51 
35 54 4 39 5 65 43 67 10 18 34 33 76 90 39 7 24 59 35 52 
48 27 30 13 4 67 74 30 18 74 66 68 65 87 2 10 71 76 44 
26 5 44 36 56 98 58 56 52 2 39 61 51 83 96 82 52 74 91 71 72 93 23 85 34 86 
27 43 18 81 62 71 88 87 15 68 43 71 27 59 97 64 98 72 16 51 28 90 20 22 
79 5 7 84 93 37 95 8 70 37 68 58 
11 46 8 11 18 1 48 67 51 42 18 69 0 94 49 69 54 34 
17 45 9 26 93 16 39 5 97 18 45 88 98 29 61 72 
17 9 70 58 7 77 1 48 34 36 45 28 82 70 94 56 71 74 86 90 36 94 53 45 
56 47 52 26 17 78 53 17 84 94 90 77 20 13 72 47 72 90 51 25 61 
68 14 0 94 49 92 5 96 92 37 15 15 48 73 
7 96 62 38 83 48 81 92 17 69 59 76 54 96 72 9 80 28 78 85 79 77 0 44 
93 33 80 2 45 98 84 33 20 47 41 43 13 18 61 24 70 30 82 99 89 3 
52 37 29 26 33 56 87 36 90 27 82 83 73 14 99 28 85 
52 68 11 13 32 17 100 65 65 83 97 10 57 34 86 92 48 16 
48 37 14 70 43 41 84 93 95 10 32 9 
30 10 27 23 98 81 13 24 82 76 35 3 85 33 91 79 77 42 60 
49 77 68 4 96 73 98 60 72 87 43 44 18 94 84 53 95 50 3 6 
61 51 75 60 8 37 7 50 16 83 21 5 9 41 33 11 21 10 78 69 82 24 41 
39 18 95 75 34 76 85 97 5 46 59 82 6 97 72 19 26 60 40 90 21 12 57 
82 60 0 58 68 88 46 16 61 9 6 11 
9 75 19 33 82 33 85 29 98 5 63 35 67 45 21 78 90 21 
38 100 38 30 83 42 6 22 92 36 76 65 35 55 92 11 0 1 7 49 48 
23 54 45 25 3 33 97 46 44 25 78 96 16 37 18 26 39 15 36 3 
58 62 9 65 99 68 54 15 45 36 57 37 53 61 23 32 55 19 
65 25 57 84 48 66 28 49 76 6 80 12 49 47 61 84 18 0 74 98 31 
44 23 4 50 43 96 73 34 20 98 9 43 1 55 81 29 55 38 98 
83 74 59 71 11 66 63 2 63 51 9 84 13 53 36 9 15 55 6 3 79 2 28 88 
91 98 99 63 95 76 70 5 9 24 77 95 67 18 64 100 39 96 62 30 57 53 62 
16 30 99 70 37 46 3 67 77 39 58 46 28 95 61 64 20 42 62 
38 51 58 79 46 89 36 79 72 15 40 83 83 77 30 24 64 53 18 
89 59 64 91 50 16 1 84 7 33 59 68 71 8 44 6 17 69 77 59 4 7 21 42 
94 82 46 23 31 79 58 59 64 9 25 92 34 7 78 80 
83 39 14 87 75 5 29 61 12 80 92 4 39 52 18 11 53 
63 67 40 57 26 44 56 61 85 29 10 6 66 43 61 47 8 51 35 
98 32 55 43 51 91 44 65 32 36 45 99 86 56 76 0 92 80 71 96 63 73 25 88 
87 91 17 83 83 76 20 69 36 59 10 16 
64 60 17 95 45 86 78 53 5 43 89 64 92 75 
65 17 8 82 40 13 69 8 96 17 27 27 53 48 10 
87 31 20 88 14 9 48 45 60 58 94 68 25 23 2 29 75 
3 46 99 12 4 28 48 5 64 18 13 8 81 12 48 100 76 80 62 93 
46 97 9 93 5 18 53 46 86 0 19 62 56 40 75 5 31 78 31 96 58 57 38 41 
96 64 46 80 4 30 35 34 4 87 14 33 4 79 56 10 92 59 48 47 32 16 
74 93 53 27 10 88 89 17 88 90 81 15 16 
81 46 77 95 42 81 47 61 35 13 80 8 15 67 53 59 39 35 16 
99 98 18 32 10 54 57 58 52 24 81 9 45 18 68 81 67 84 7 9 17 13 77 45 62 46 13 56 89 57 
15 13 40 10 80 9 63 2 4 84 61 41 36 3 96 60 56 72 40 34 
87 93 11 22 39 84 38 45 28 83 50 64 80 39 81 13 2 26 92 35 50 47 98 23 56 
84 74 79 56 42 18 41 88 46 88 97 43 96 74 42 6 84 52 66 92 11 20 8 63 4 79 
45 22 85 1 74 70 84 45 87 71 25 36 57 23 13 55 44 41 
26 34 36 31 24 84 0 54 28 2 77 95 8 50 
98 60 83 3 14 76 79 8 69 15 96 79 65 0 81 66 
41 9 59 94 47 2 40 35 14 76 4 27 77 98 43 43 90 21 55 21 98 20 26 38 99 
80 80 35 90 82 88 86 26 91 36 78 17 61 
34 99 12 90 35 85 63 39 19 75 15 25 9 73 4 55 48 44 88 57 70 50 31 32 
18 21 25 64 41 80 8 8 67 40 70 77 52 27 76 22 47 60 84 83 49 8 16 85 
45 60 59 9 33 30 3 31 29 84 75 11 3 65 80 100 34 37 
3 29 89 29 73 40 76 1 56 3 54 11 64 90 42 19 68 14 27 8 90 6 6 42 12 74 60 31 
85 9 55 23 1 11 53 51 62 26 84 76 43 52 20 9 
51 35 30 78 72 81 6 67 76 17 12 
81 72 85 88 90 62 90 4 93 11 61 9 100 2 74 
30 87 45 51 43 17 83 94 45 44 44 60 61 63 94 4 93 
10 44 3 17 18 17 38 4 94 18 78 90 74 86 87 10 5 89 37 35 83 15 97 3 97 
44 24 91 67 23 78 11 89 67 19 58 20 90 19 78 33 42 
6 67 59 22 89 47 57 9 45 70 9 89 88 72 90 98 21 8 24 8 60 29 41 28 98 
13 52 60 95 99 85 88 42 68 28 91 89 94 80 18 40 52 96 59 92 50 8 
45 20 98 47 99 4 97 36 28 94 8 30 35 35 56 21 46 
37 18 41 41 11 76 33 69 61 31 22 94 66 16 6 1 35 54 
