7
32
91
42
89
33
2
49
19
21
8
53
62
36
35
58
22
7
69
57
28
8
94
96
86
71
40
75
56
74
35
31
84
62
29
78
88
28
78
41
94
13
94
91
35
75
0
87
16
92
10
92
98
55
77
62
59
45
31
35
96
59
61
46
91
91
39
100
86
18
60
8
44
35
14
49
98
1
7
16
65
89
72
89
39
25
57
20
60
78
76
94
35
81
64
79
44
69
62
87
78
33
44
77
82
100
6
1
55
3
45
67
70
85
21
49
18
96
25
63
3
12
18
44
68
58
21
97
4
29
47
1
20
80
76
59
34
17
26
45
56
82
5
9
13
2
25
76
81
14
13
48
63
16
85
37
49
32
17
77
59
88
69
22
19
44
72
55
66
61
23
59
39
10
10
34
20
45
29
54
98
93
79
0
45
10
70
40
6
47
76
88
4
22
10
0
71
63
63
45
72
52
10
78
94
75
7
39
60
12
7
87
93
21
71
71
46
70
19
90
37
56
12
85
70
63
26
94
77
20
7
8
20
38
72
39
30
58
68
6
60
32
41
25
37
99
41
93
83
12
87
16
100
7
35
3
99
50
69
30
23
86
90
60
57
31
41
75
14
16
95
9
48
92
54
40
39
100
23
61
23
38
77
7
55
43
65
28
91
48
64
18
11
40
51
79
60
40
100
64
9
30
26
55
0
96
14
53
69
66
78
85
26
7
73
39
73
10
31
73
20
46
26
27
73
88
9
64
46
94
7
28
99
8
22
89
30
59
51
39
41
84
8
45
93
83
9
15
1
64
96
22
62
59
59
48
76
79
38
76
85
8
25
39
53
45
7
9
21
50
75
7
12
81
21
27
24
15
46
10
85
53
96
87
20
57
89
4
24
68
69
25
84
42
96
15
90
32
100
6
42
37
18
100
40
7
13
64
72
20
16
74
78
48
47
29
31
5
60
17
30
78
86
72
11
96
65
96
24
90
32
47
84
82
85
48
55
72
98
31
84
54
59
33
79
50
12
48
53
22
39
80
80
63
21
11
4
70
60
90
96
3
75
11
46
49
12
63
73
61
37
64
32
11
3
63
26
72
39
16
87
100
43
57
49
23
34
32
35
77
67
95
78
70
91
6
66
22
56
39
98
98
96
88
16
38
53
8
5
56
15
71
39
89
25
42
99
30
45
36
37
72
58
49
91
1
100
77
2
58
3
76
19
53
25
8
37
8
66
94
52
12
70
42
21
64
54
96
50
77
82
90
23
88
69
14
88
37
100
22
3
69
28
77
85
8
47
82
22
97
40
48
56
39
42
11
11
57
88
78
64
63
78
32
4
33
28
9
4
5
94
82
81
56
65
63
81
27
61
63
4
6
58
24
3
37
71
64
38
11
32
11
42
55
4
26
96
93
70
63
36
75
39
95
39
48
67
80
94
21
47
26
44
56
71
51
91
79
43
32
21
82
67
61
29
96
72
42
91
86
62
86
99
87
37
10
92
20
6
20
90
29
33
86
36
21
7
18
61
1
58
55
99
9
80
79
87
32
96
68
92
83
39
25
32
80
28
55
87
81
52
67
13
55
42
30
61
73
19
54
93
64
29
59
46
11
63
57
77
47
41
57
6
41
70
60
74
25
70
98
21
12
55
15
23
33
6
64
49
76
63
97
31
65
28
84
94
97
22
36
96
96
66
31
45
56
19
96
52
99
65
68
61
57
55
60
93
38
51
57
38
72
72
8
1
28
29
80
25
46
64
91
71
80
0
98
72
9
77
15
82
29
39
29
35
46
74
91
70
55
36
8
22
83
46
4
45
78
39
73
65
83
55
58
66
24
57
32
39
70
27
52
13
42
98
15
5
20
42
68
76
60
54
29
70
8
1
94
65
57
46
77
82
66
84
3
26
83
22
86
52
94
52
56
27
12
21
33
75
97
99
63
18
86
12
48
58
57
44
57
41
22
83
30
70
77
22
32
21
65
98
81
95
39
25
10
84
77
62
3
73
56
55
45
12
40
50
79
36
14
73
55
85
64
64
26
62
54
0
47
16
61
64
54
20
79
16
70
48
27
53
87
71
87
86
5
26
100
74
96
15
16
13
27
7
94
8
6
66
69
11
7
100
67
29
0
69
46
38
6
58
78
45
81
66
4
41
64
97
91
15
81
1
4
42
77
26
24
94
10
69
67
54
35
68
63
61
38
51
27
0
80
83
85
8
81
42
40
33
51
30
24
32
85
68
33
74
63
4
65
3
5
61
47
75
92
15
14
85
51
