77
93
16
79
70
9
38
7
8
25
64
6
97
51
15
48
0
80
82
91
13
20
3
99
19
38
56
79
37
85
64
42
84
65
0
15
82
18
88
25
2
78
19
39
8
43
29
26
26
31
22
38
91
28
63
49
49
44
70
60
47
16
68
34
40
53
6
9
80
98
74
85
68
0
42
61
6
39
40
97
62
86
21
34
13
50
88
56
98
84
6
5
83
67
6
91
71
99
50
54
3
49
62
21
6
76
26
45
0
25
71
73
66
83
40
87
55
73
48
6
29
100
92
46
44
15
63
88
72
14
20
68
79
79
76
78
39
63
99
29
43
40
69
95
90
23
15
51
59
83
85
13
34
93
40
14
43
53
66
100
57
46
17
19
32
42
91
6
52
34
15
5
36
10
52
14
96
55
8
81
21
64
49
76
26
6
7
90
2
59
43
77
55
26
17
73
89
42
77
70
17
99
84
99
86
84
27
81
52
43
80
50
97
77
92
60
77
17
85
84
19
93
10
24
71
67
32
37
52
4
55
50
93
16
92
100
59
42
57
0
29
31
84
63
99
67
19
25
82
76
64
27
26
19
100
75
96
80
97
38
70
25
89
79
86
58
17
75
80
53
13
61
13
76
67
87
41
86
45
69
37
56
60
98
41
48
46
22
41
62
72
86
6
24
44
33
98
85
52
32
41
44
44
21
39
85
75
17
0
14
49
85
97
70
96
34
49
2
42
25
94
36
35
27
40
47
37
79
18
5
27
31
96
58
21
62
59
0
23
72
20
55
91
33
76
38
44
36
46
71
27
13
73
8
95
63
70
59
88
12
59
22
81
93
22
55
44
62
80
100
28
20
97
4
91
90
56
6
71
75
75
84
67
15
71
11
26
2
86
100
70
57
65
84
96
62
93
93
56
6
68
41
85
81
67
79
33
90
6
96
51
52
9
76
10
38
26
53
31
11
75
30
91
90
62
97
16
93
53
13
54
60
60
6
39
71
6
90
90
7
29
54
53
92
70
72
17
97
98
82
80
48
3
46
54
25
100
39
46
9
2
38
32
50
92
93
43
95
40
7
55
61
16
96
40
45
49
90
17
12
76
96
9
6
17
70
70
24
42
96
73
16
97
61
51
34
16
23
94
0
52
50
75
44
54
11
17
31
97
86
57
45
49
84
19
14
56
35
48
47
89
7
6
48
45
82
11
25
5
29
95
6
62
78
92
22
84
19
16
17
90
37
54
60
38
34
53
34
89
85
24
37
54
83
75
69
90
77
65
15
16
91
30
50
77
53
73
99
48
43
100
73
30
51
66
22
51
19
3
77
93
43
76
14
85
99
72
6
18
93
78
62
99
57
56
86
4
23
26
24
93
95
84
27
65
98
77
58
47
64
35
42
1
9
27
34
16
72
18
75
18
12
9
22
82
98
42
72
49
58
70
32
91
84
98
14
100
75
8
30
41
30
14
30
57
49
35
90
18
100
94
35
76
25
87
73
20
5
73
74
39
56
10
75
2
20
83
15
57
56
90
83
59
66
99
66
26
25
7
98
64
94
15
59
67
5
33
4
13
30
70
56
18
25
40
22
73
50
12
84
25
46
8
82
28
20
27
37
64
73
16
57
47
21
57
30
50
28
77
1
56
71
14
37
80
18
55
50
15
60
95
43
1
37
19
17
54
66
31
19
73
3
14
86
22
98
67
17
68
14
53
36
90
71
25
24
30
79
30
60
64
54
3
69
83
70
28
53
61
98
64
23
54
7
80
65
38
85
66
75
82
56
71
73
8
58
100
8
17
8
48
70
11
83
42
35
65
90
9
28
30
84
93
74
23
53
33
76
64
26
47
7
54
19
96
32
57
87
34
87
98
58
95
66
27
77
53
80
30
20
8
27
96
60
61
31
42
53
50
87
52
29
100
81
7
27
86
16
13
3
18
95
72
59
96
7
67
59
35
3
80
24
92
90
13
78
19
28
33
83
26
66
13
77
45
2
56
96
7
5
2
92
12
44
13
33
72
97
3
22
23
83
9
76
44
5
68
72
31
58
53
65
69
40
96
2
11
33
91
12
60
58
35
78
90
35
94
78
96
77
42
80
38
49
24
2
89
9
42
7
41
61
49
26
53
38
25
45
98
28
84
77
75
31
88
37
91
60
4
87
17
91
99
60
2
30
59
50
40
18
49
11
76
90
33
54
72
85
35
16
70
21
78
97
80
30
86
74
98
89
27
37
37
73
7
45
33
10
53
1
56
49
27
13
44
52
55
77
4
36
5
39
29
18
40
92
37
62
64
2
32
39
62
74
46
36
23
55
87
50
53
97
33
59
39
55
21
70
16
67
81
53
7
51
90
11
53
46
18
34
33
79
76
39
13
4
36
10
21
64
3
78
78
13
63
68
58
3
78
66
35
10
22
28
84
48
91
50
15
65
99
77
49
27
48
17
97
2
0
54
99
41
35
96
43
55
30
61
28
70
31
100
51
67
68
91
22
88
19
82
62
57
37
15
40
13
54
84
91
92
94
69
44
60
94
53
18
98
6
38
22
0
27
0
53
81
16
78
85
85
24
49
40
99
71
94
48
10
3
28
95
30
63
12
0
6
31
85
29
28
62
98
12
65
38
84
49
38
85
53
19
71
27
34
30
0
14
9
39
12
65
33
97
55
91
27
73
37
37
1
99
48
21
90
23
51
49
44
56
2
57
7
55
56
1
28
26
18
63
40
46
29
18
23
47
1
99
23
83
30
23
61
9
80
23
7
47
7
9
58
31
57
32
99
50
15
25
14
33
14
87
46
41
65
20
68
81
97
34
24
79
50
9
28
17
76
36
100
59
6
43
36
86
24
25
14
85
65
79
21
9
73
45
32
50
88
85
66
62
49
46
84
51
25
32
87
9
22
20
93
76
14
39
17
47
29
97
83
41
63
61
82
4
37
63
61
90
38
87
34
65
46
15
37
5
94
99
14
79
69
44
17
43
85
41
82
7
8
17
68
88
48
57
57
44
30
17
0
48
58
79
64
23
72
91
12
55
16
58
18
81
59
22
87
48
53
44
15
25
33
69
67
58
36
12
68
54
78
85
74
41
21
71
35
12
95
7
68
79
63
77
74
89
59
53
42
6
85
61
34
34
18
60
60
72
73
98
72
46
47
90
74
15
22
57
15
24
48
89
0
82
68
51
34
32
78
30
54
92
76
16
12
56
22
54
74
24
61
80
26
53
63
27
30
94
94
11
34
80
49
52
48
33
10
56
74
27
22
72
33
48
100
50
28
100
71
86
2
27
12
71
67
80
13
80
16
3
100
6
30
82
10
67
4
79
81
48
4
99
87
28
15
90
45
93
11
80
63
90
40
63
54
14
21
72
28
61
43
51
19
90
52
61
48
29
28
21
56
71
62
57
75
8
52
42
59
19
91
94
14
96
11
77
93
27
72
2
0
64
34
22
32
25
65
54
68
59
38
63
59
27
17
18
5
95
61
32
5
70
30
35
4
82
16
85
27
37
34
31
34
67
28
69
100
37
99
1
55
93
76
52
9
27
40
88
10
13
39
7
18
6
37
59
29
93
59
86
78
99
21
69
58
97
59
45
67
2
46
8
96
74
61
76
5
38
98
77
39
97
36
5
69
44
76
18
25
72
35
37
53
15
23
71
75
1
18
75
69
93
41
73
19
92
2
5
6
16
14
37
69
73
85
58
37
17
88
5
75
72
91
4
25
14
32
3
95
31
25
13
68
57
4
13
60
75
100
29
62
40
33
10
22
66
23
84
57
14
83
35
100
9
47
70
1
15
88
51
93
50
18
2
57
22
8
21
78
99
48
27
96
95
6
95
53
73
76
43
100
60
40
6
92
20
96
66
82
54
80
78
40
50
91
9
90
36
12
70
66
97
17
19
72
43
93
88
58
39
33
45
75
35
13
68
28
35
6
73
13
10
19
95
56
32
47
94
78
33
6
7
39
48
18
34
87
22
77
25
61
43
68
4
89
43
57
92
51
12
67
62
38
41
5
39
21
21
79
42
92
54
75
76
86
8
59
49
24
31
82
71
15
69
77
11
78
71
31
54
68
29
15
38
73
25
0
7
10
3
80
41
26
18
55
65
26
31
18
68
48
59
1
29
89
12
37
58
52
15
50
62
21
35
65
66
39
39
54
58
20
51
2
9
73
20
97
26
52
1
55
11
18
63
10
3
92
19
1
57
55
91
94
84
0
75
100
2
82
70
16
76
52
92
43
47
32
83
79
21
21
34
33
60
50
28
83
57
6
51
11
64
82
13
9
45
47
8
99
90
83
3
30
77
37
95
44
56
49
48
52
58
34
71
23
96
23
1
48
32
36
20
28
100
30
34
23
44
64
30
16
74
79
50
15
30
38
30
14
48
2
57
57
18
40
55
88
19
55
65
95
84
35
54
72
39
60
14
78
49
53
23
91
25
42
45
84
48
50
92
70
11
91
45
94
2
58
55
99
72
54
64
6
79
80
97
58
9
38
55
50
64
16
63
32
61
4
13
61
68
89
11
48
24
55
44
66
1
42
7
77
45
90
23
62
70
69
44
2
98
92
67
95
21
95
26
29
15
41
36
28
12
11
59
80
17
25
15
29
9
0
28
69
47
47
5
21
16
85
17
60
18
89
52
40
76
12
36
82
69
66
23
35
83
98
14
33
100
92
41
74
66
68
94
95
34
100
70
37
97
15
61
24
68
77
32
46
29
44
33
49
27
62
91
70
68
49
95
58
72
41
60
39
20
0
82
38
4
7
62
85
96
77
32
37
55
85
88
37
4
87
7
41
86
52
9
14
77
94
97
77
86
69
72
1
4
51
67
67
12
88
86
0
89
2
23
95
54
52
56
26
12
66
72
70
42
4
23
18
97
48
26
100
66
80
94
75
26
13
97
76
40
25
72
69
72
29
60
72
63
0
13
63
27
43
40
41
60
37
36
62
9
66
82
55
43
6
92
72
95
1
88
27
69
67
25
35
77
85
91
38
20
63
22
16
5
35
91
37
95
92
55
38
36
26
26
21
26
84
68
31
80
29
81
26
67
100
46
97
36
30
98
0
82
100
80
42
68
73
26
59
7
44
58
64
65
18
9
64
59
76
12
96
55
4
59
61
83
33
68
41
94
24
31
76
14
3
77
17
81
35
95
72
29
3
59
73
93
13
85
95
45
9
25
61
59
42
37
17
50
100
49
33
36
29
71
86
5
93
69
90
18
59
69
19
34
76
88
38
54
14
16
88
47
79
56
94
27
57
87
6
3
82
6
1
47
77
54
29
28
100
93
58
23
100
80
48
22
94
89
92
79
29
91
67
44
38
94
53
38
27
92
12
66
30
12
24
63
11
62
81
53
29
90
38
43
44
2
49
12
84
90
28
75
94
30
38
93
58
0
10
5
24
16
39
63
30
54
89
98
8
14
63
36
33
29
32
14
21
65
10
87
22
27
73
14
82
0
16
31
65
15
47
49
65
96
44
31
2
38
7
30
71
78
65
64
96
76
75
92
51
57
63
40
7
11
91
96
36
16
86
4
87
39
84
94
22
83
82
88
75
69
51
40
69
75
60
49
95
47
99
90
73
91
98
6
71
80
61
76
24
94
66
67
100
49
56
81
27
22
13
64
62
54
64
53
26
15
29
81
18
22
48
57
22
52
67
19
54
15
3
31
68
10
69
3
91
90
80
74
47
22
82
41
19
93
68
57
56
53
35
87
54
92
51
51
32
14
66
47
60
73
83
82
67
34
4
76
87
70
30
74
5
65
82
4
95
5
68
13
85
12
13
92
11
10
49
21
29
20
54
75
37
8
68
30
78
24
3
4
29
52
11
54
22
27
40
10
11
94
16
99
74
86
33
97
18
93
1
28
87
94
48
44
50
78
73
38
98
24
91
4
86
19
15
36
77
27
6
79
70
2
11
30
56
25
50
66
65
9
78
3
77
69
12
47
7
4
83
59
62
88
36
36
2
35
94
90
94
22
2
21
72
32
68
20
73
31
72
22
19
27
74
21
91
15
46
11
9
41
10
12
12
2
90
28
48
35
2
28
7
23
5
20
93
23
95
46
94
25
26
49
92
88
90
34
31
43
47
81
93
43
77
50
98
57
74
83
34
62
53
38
60
39
57
52
39
69
7
10
40
48
3
54
68
52
68
50
13
3
9
5
1
48
13
23
81
76
12
36
63
32
94
61
76
88
57
71
37
2
68
96
9
40
56
36
15
78
21
91
87
33
37
98
73
72
67
5
23
78
35
11
91
51
56
38
9
91
12
61
99
72
81
27
20
100
14
24
53
99
29
86
77
14
84
45
35
91
1
29
23
37
29
61
93
68
37
15
70
35
83
94
63
84
62
23
89
63
68
19
16
59
8
92
49
100
40
97
8
32
18
57
44
79
53
78
55
69
39
69
8
36
62
81
43
32
21
19
90
25
69
31
87
90
3
21
31
16
93
77
86
47
67
91
70
21
41
90
24
9
40
42
34
60
62
43
87
5
84
26
99
7
9
6
75
39
30
48
39
87
86
86
22
60
87
38
71
74
54
26
31
13
77
64
94
67
67
77
97
58
37
67
25
41
94
41
74
57
64
91
55
83
84
39
43
79
19
76
70
62
2
65
0
32
86
26
66
54
5
3
53
44
51
90
64
71
16
90
66
72
80
100
79
82
47
83
60
23
67
26
61
49
74
95
16
80
96
39
48
84
80
85
46
33
60
85
9
51
18
81
25
94
73
47
0
81
78
70
27
54
68
43
6
47
51
50
68
55
48
34
81
37
85
77
100
17
67
67
93
37
30
18
27
21
90
33
90
9
89
18
79
4
13
8
2
18
83
13
65
96
82
4
18
64
22
53
87
27
29
57
50
63
79
54
59
78
74
12
12
19
39
99
74
86
35
77
10
81
69
39
94
21
15
12
11
93
74
83
39
23
99
49
91
63
37
80
51
68
98
75
37
8
36
44
71
11
60
37
82
71
47
76
75
65
24
5
45
80
47
79
78
26
100
48
68
9
77
82
2
9
37
29
12
39
34
23
35
21
25
98
59
34
35
88
82
57
79
56
33
17
81
31
70
43
20
0
74
99
4
1
4
51
26
21
41
78
38
89
46
26
89
32
36
76
98
10
100
82
62
63
60
44
89
80
5
97
11
6
58
30
21
92
3
28
84
61
20
19
61
31
2
74
94
58
67
47
48
90
76
34
57
3
49
0
72
47
93
22
15
79
54
82
57
84
4
82
77
4
34
42
46
8
77
55
55
61
39
96
47
68
82
68
41
46
6
16
96
70
69
28
16
53
78
19
9
14
39
81
98
15
93
87
96
43
83
95
28
32
27
33
54
50
39
29
75
68
31
74
66
58
33
6
96
26
73
82
85
2
57
20
99
4
0
7
85
43
33
2
19
5
33
3
43
61
61
74
63
83
64
65
13
84
43
48
0
56
93
62
36
59
27
40
83
45
4
34
0
41
66
1
41
50
93
81
66
9
47
70
11
49
72
27
78
88
18
18
8
22
38
15
53
73
80
65
91
70
32
66
39
95
98
27
28
10
70
16
18
66
75
59
69
69
88
37
57
62
9
49
60
25
90
58
61
49
73
70
76
15
13
83
62
100
58
78
11
85
31
87
88
69
69
43
94
98
7
20
56
32
41
46
23
28
69
35
4
78
12
81
7
9
9
61
81
26
18
96
9
9
38
89
5
24
97
15
0
69
5
81
39
41
4
84
52
39
43
47
91
33
83
9
89
22
45
92
85
90
69
31
28
8
80
44
18
54
84
58
53
53
93
40
61
70
7
95
42
26
32
48
37
89
63
92
9
17
28
72
27
64
56
53
2
26
1
66
13
78
47
4
35
70
44
12
22
78
69
62
36
5
53
25
19
59
99
97
5
24
43
70
59
63
92
15
42
39
54
3
49
36
99
72
1
71
82
17
66
30
86
25
22
1
80
4
26
47
41
38
92
98
52
76
74
1
86
3
90
4
59
74
70
74
0
70
2
4
59
2
65
93
65
54
36
51
64
99
10
28
87
43
61
74
52
97
0
39
86
34
54
63
19
65
79
14
77
91
4
28
85
6
6
19
87
52
90
93
50
71
62
82
56
58
25
95
85
6
27
91
44
39
80
95
24
41
15
87
8
97
52
70
49
95
99
34
3
41
45
66
29
85
13
38
9
24
92
43
46
25
56
74
94
10
39
75
81
64
87
59
25
15
57
83
58
32
5
14
23
22
50
32
100
99
81
5
86
37
30
36
11
54
40
14
84
34
19
10
84
39
80
95
40
76
56
48
81
6
41
18
56
95
100
69
53
55
78
14
14
32
33
16
54
87
84
27
48
5
4
72
4
25
15
85
2
47
7
44
61
49
31
99
30
71
16
94
1
28
15
14
25
55
57
69
26
65
18
85
40
12
23
42
23
14
48
36
0
58
95
21
55
76
86
31
19
7
44
84
95
33
13
15
17
0
62
78
78
90
49
15
39
44
100
53
12
19
98
89
16
30
38
3
31
56
8
57
18
82
60
49
86
27
57
34
47
15
46
0
65
43
56
2
5
19
99
42
7
42
47
94
19
7
93
61
22
71
93
13
28
97
64
90
22
80
70
18
64
47
85
4
32
72
52
57
0
4
47
72
2
73
30
0
88
47
100
2
25
56
29
34
16
76
13
25
82
53
77
47
0
61
6
76
50
29
70
27
68
17
77
54
99
66
57
21
29
1
13
20
84
86
53
65
14
6
84
76
39
61
45
75
1
42
55
28
18
25
7
98
30
48
70
22
76
9
11
46
61
61
41
60
71
51
100
99
37
93
4
21
44
92
86
24
50
44
95
64
18
31
34
20
66
12
66
95
3
22
19
51
57
43
95
37
57
53
86
27
44
11
48
17
70
55
85
1
51
6
47
88
2
96
87
90
42
39
27
65
14
92
96
44
26
77
78
43
56
93
48
73
8
65
1
31
77
12
61
32
72
12
63
8
59
25
67
39
5
55
36
18
86
88
92
31
37
92
97
49
64
98
86
94
13
65
48
43
94
5
89
33
46
88
36
89
33
57
9
22
13
80
100
64
86
23
33
25
55
82
1
11
90
57
33
15
93
26
47
90
26
97
32
89
38
54
70
12
78
34
66
34
45
60
76
6
39
66
11
71
95
83
2
16
16
67
64
43
86
69
57
49
79
4
49
84
23
55
13
15
38
31
93
56
14
96
8
77
38
14
74
97
19
78
31
92
37
85
44
38
84
83
37
75
71
54
83
88
96
13
58
24
77
54
48
75
21
35
71
92
35
78
73
64
16
62
73
20
52
75
49
29
49
25
38
79
77
8
24
65
38
77
58
80
3
83
61
31
92
43
56
77
86
30
5
23
20
54
50
77
7
95
66
97
10
22
58
18
60
68
75
44
45
23
89
54
23
70
11
73
84
16
36
67
46
19
1
89
9
32
13
42
37
6
78
43
44
9
100
5
96
50
8
26
65
25
82
18
95
15
16
38
34
82
60
66
100
86
14
3
90
54
25
95
37
53
76
30
20
88
20
42
40
82
13
75
82
34
30
37
31
48
92
79
76
2
91
62
46
78
81
29
94
70
25
100
70
83
22
75
91
76
55
62
19
70
9
27
44
55
68
66
43
19
34
89
73
26
1
33
13
39
53
95
100
56
34
38
76
51
51
41
75
14
4
18
93
95
65
72
12
60
19
47
33
14
64
5
76
47
94
27
2
44
88
71
44
47
60
8
4
98
86
40
93
64
63
32
34
39
11
60
84
44
5
7
47
30
66
50
70
44
12
78
61
78
20
81
59
15
89
88
93
75
86
56
21
92
15
9
58
98
100
68
14
57
86
5
14
94
62
33
33
67
43
20
39
91
62
81
64
75
28
79
40
71
28
13
33
10
6
20
41
44
88
96
61
72
94
0
13
88
9
14
11
57
72
10
1
6
39
62
8
18
7
38
76
65
93
87
52
27
5
86
74
96
0
72
72
33
89
4
30
77
26
60
41
61
70
33
69
62
38
45
46
71
72
42
25
19
78
9
60
59
93
7
66
44
100
66
65
71
95
52
60
90
66
39
77
63
46
62
60
76
70
90
75
86
55
43
87
51
25
58
40
84
3
99
42
97
100
19
38
7
35
9
27
78
0
8
10
45
86
100
47
0
2
25
13
20
3
16
17
1
46
42
99
19
14
6
91
22
6
87
43
55
9
65
44
71
3
75
61
42
35
31
90
67
76
71
52
32
45
25
12
57
78
31
70
17
24
44
92
68
82
7
80
100
6
28
74
72
41
88
32
53
44
81
85
93
44
74
18
91
4
43
3
54
19
5
63
99
24
84
60
35
44
24
28
37
53
75
62
71
34
44
19
56
84
54
82
70
4
20
34
17
44
16
42
51
91
1
81
98
29
55
84
80
31
75
1
80
7
76
76
99
72
82
3
50
23
73
74
4
56
61
73
5
55
72
63
23
69
66
16
16
77
16
9
46
37
76
59
30
90
93
70
30
1
8
38
88
7
77
64
68
31
8
42
39
12
28
78
40
40
40
81
26
15
71
42
95
30
53
88
93
19
87
41
10
39
55
40
10
45
87
43
21
12
13
43
81
76
72
15
53
90
62
78
93
53
77
68
46
60
33
88
92
74
18
35
23
8
13
80
19
72
26
81
22
43
50
67
13
93
30
29
85
81
49
11
73
91
47
79
5
81
83
9
75
56
41
79
40
59
82
71
32
18
37
79
17
6
0
51
7
42
26
85
40
20
58
53
75
70
17
36
7
18
36
22
84
21
64
46
65
51
46
4
58
91
32
39
58
38
100
40
85
30
0
13
49
97
52
75
28
0
67
21
5
66
59
35
69
51
72
47
7
19
42
20
45
16
61
11
43
57
37
46
51
42
2
68
40
98
38
12
43
95
70
61
64
2
53
3
7
28
59
28
35
73
68
57
28
91
84
65
85
40
77
40
50
83
77
4
0
13
86
15
54
63
63
65
98
10
14
86
51
3
45
8
28
21
53
85
26
97
33
67
5
95
95
23
87
47
29
1
93
9
52
74
90
18
42
37
83
84
45
93
90
15
21
77
38
79
13
33
68
53
95
78
98
33
81
39
47
46
100
72
1
72
66
37
52
96
94
76
70
75
22
3
23
72
98
16
18
72
78
65
56
74
28
16
80
93
11
30
44
37
44
70
22
70
92
33
76
89
59
36
93
52
19
21
93
31
73
10
37
30
6
69
77
13
57
14
84
30
79
22
89
46
35
28
26
26
78
56
34
80
48
17
14
58
16
52
49
57
75
10
86
52
